# Tpc muB muQ_qmhrg muS_qmhrg muQ_evhrg muS_evhrg
1.564999e+02 0.9500 -2.709035e-02 2.420220e-01 2.436275e-01 -1.887537e-01
1.564981e+02 4.9500 -1.411544e-01 1.261071e+00 1.269415e+00 -9.834765e-01
1.564939e+02 8.9500 -2.552164e-01 2.280157e+00 2.295150e+00 -1.778078e+00
1.564871e+02 12.9500 -3.692743e-01 3.299311e+00 3.320790e+00 -2.572462e+00
1.564780e+02 16.9500 -4.833265e-01 4.318561e+00 4.346295e+00 -3.366529e+00
1.564663e+02 20.9500 -5.973711e-01 5.337937e+00 5.371621e+00 -4.160183e+00
1.564523e+02 24.9500 -7.114063e-01 6.357470e+00 6.396727e+00 -4.953326e+00
1.564357e+02 28.9500 -8.254304e-01 7.377188e+00 7.421572e+00 -5.745862e+00
1.564168e+02 32.9500 -9.394414e-01 8.397121e+00 8.446114e+00 -6.537694e+00
1.563953e+02 36.9500 -1.053437e+00 9.417299e+00 9.470311e+00 -7.328726e+00
1.563714e+02 40.9500 -1.167417e+00 1.043775e+01 1.049412e+01 -8.118863e+00
1.563451e+02 44.9500 -1.281377e+00 1.145850e+01 1.151751e+01 -8.908010e+00
1.563163e+02 48.9500 -1.395317e+00 1.247959e+01 1.254043e+01 -9.696071e+00
1.562850e+02 52.9500 -1.509234e+00 1.350103e+01 1.356284e+01 -1.048295e+01
1.562513e+02 56.9500 -1.623126e+00 1.452286e+01 1.458471e+01 -1.126857e+01
1.562152e+02 60.9500 -1.736992e+00 1.554511e+01 1.560600e+01 -1.205281e+01
1.561765e+02 64.9500 -1.850828e+00 1.656780e+01 1.662665e+01 -1.283560e+01
1.561355e+02 68.9500 -1.964633e+00 1.759096e+01 1.764665e+01 -1.361684e+01
1.560919e+02 72.9500 -2.078405e+00 1.861461e+01 1.866595e+01 -1.439645e+01
1.560460e+02 76.9500 -2.192141e+00 1.963879e+01 1.968451e+01 -1.517433e+01
1.559975e+02 80.9500 -2.305838e+00 2.066352e+01 2.070230e+01 -1.595040e+01
1.559467e+02 84.9500 -2.419496e+00 2.168882e+01 2.171928e+01 -1.672456e+01
1.558933e+02 88.9500 -2.533110e+00 2.271473e+01 2.273541e+01 -1.749674e+01
1.558375e+02 92.9500 -2.646679e+00 2.374126e+01 2.375066e+01 -1.826684e+01
1.557793e+02 96.9500 -2.760199e+00 2.476843e+01 2.476499e+01 -1.903479e+01
1.557186e+02 100.9500 -2.873669e+00 2.579629e+01 2.577838e+01 -1.980050e+01
1.556554e+02 104.9500 -2.987085e+00 2.682483e+01 2.679079e+01 -2.056389e+01
1.555898e+02 108.9500 -3.100445e+00 2.785410e+01 2.780218e+01 -2.132487e+01
1.555218e+02 112.9500 -3.213745e+00 2.888411e+01 2.881252e+01 -2.208338e+01
1.554513e+02 116.9500 -3.326983e+00 2.991488e+01 2.982179e+01 -2.283933e+01
1.553783e+02 120.9500 -3.440156e+00 3.094644e+01 3.082995e+01 -2.359265e+01
1.553029e+02 124.9500 -3.553261e+00 3.197880e+01 3.183697e+01 -2.434325e+01
1.552250e+02 128.9500 -3.666294e+00 3.301199e+01 3.284283e+01 -2.509108e+01
1.551447e+02 132.9500 -3.779252e+00 3.404603e+01 3.384749e+01 -2.583604e+01
1.550619e+02 136.9500 -3.892131e+00 3.508093e+01 3.485093e+01 -2.657809e+01
1.549767e+02 140.9500 -4.004929e+00 3.611671e+01 3.585312e+01 -2.731714e+01
1.548890e+02 144.9500 -4.117642e+00 3.715340e+01 3.685404e+01 -2.805312e+01
1.547988e+02 148.9500 -4.230266e+00 3.819100e+01 3.785365e+01 -2.878598e+01
1.547062e+02 152.9500 -4.342797e+00 3.922954e+01 3.885195e+01 -2.951564e+01
1.546112e+02 156.9500 -4.455232e+00 4.026903e+01 3.984890e+01 -3.024204e+01
1.545137e+02 160.9500 -4.567567e+00 4.130949e+01 4.084447e+01 -3.096512e+01
1.544137e+02 164.9500 -4.679797e+00 4.235093e+01 4.183866e+01 -3.168483e+01
1.543113e+02 168.9500 -4.791920e+00 4.339336e+01 4.283143e+01 -3.240109e+01
1.542065e+02 172.9500 -4.903930e+00 4.443681e+01 4.382276e+01 -3.311386e+01
1.540991e+02 176.9500 -5.015824e+00 4.548127e+01 4.481265e+01 -3.382308e+01
1.539894e+02 180.9500 -5.127597e+00 4.652677e+01 4.580106e+01 -3.452869e+01
1.538771e+02 184.9500 -5.239245e+00 4.757332e+01 4.678798e+01 -3.523064e+01
1.537625e+02 188.9500 -5.350764e+00 4.862092e+01 4.777338e+01 -3.592889e+01
1.536453e+02 192.9500 -5.462149e+00 4.966959e+01 4.875727e+01 -3.662337e+01
1.535257e+02 196.9500 -5.573395e+00 5.071934e+01 4.973961e+01 -3.731404e+01
1.534037e+02 200.9500 -5.684498e+00 5.177018e+01 5.072039e+01 -3.800087e+01
1.532792e+02 204.9500 -5.795453e+00 5.282210e+01 5.169960e+01 -3.868379e+01
1.531523e+02 208.9500 -5.906255e+00 5.387513e+01 5.267722e+01 -3.936277e+01
1.530229e+02 212.9500 -6.016900e+00 5.492927e+01 5.365324e+01 -4.003777e+01
1.528910e+02 216.9500 -6.127382e+00 5.598453e+01 5.462764e+01 -4.070874e+01
1.527567e+02 220.9500 -6.237697e+00 5.704090e+01 5.560042e+01 -4.137564e+01
1.526199e+02 224.9500 -6.347839e+00 5.809841e+01 5.657156e+01 -4.203845e+01
1.524807e+02 228.9500 -6.457803e+00 5.915704e+01 5.754105e+01 -4.269712e+01
1.523391e+02 232.9500 -6.567585e+00 6.021681e+01 5.850887e+01 -4.335161e+01
1.521949e+02 236.9500 -6.677178e+00 6.127772e+01 5.947502e+01 -4.400191e+01
1.520484e+02 240.9500 -6.786578e+00 6.233977e+01 6.043949e+01 -4.464796e+01
1.518993e+02 244.9500 -6.895779e+00 6.340296e+01 6.140227e+01 -4.528974e+01
1.517478e+02 248.9500 -7.004776e+00 6.446729e+01 6.236334e+01 -4.592723e+01
1.515939e+02 252.9500 -7.113563e+00 6.553278e+01 6.332270e+01 -4.656039e+01
1.514375e+02 256.9500 -7.222135e+00 6.659940e+01 6.428034e+01 -4.718920e+01
1.512787e+02 260.9500 -7.330486e+00 6.766718e+01 6.523625e+01 -4.781363e+01
1.511174e+02 264.9500 -7.438611e+00 6.873610e+01 6.619042e+01 -4.843366e+01
1.509536e+02 268.9500 -7.546505e+00 6.980616e+01 6.714285e+01 -4.904927e+01
1.507874e+02 272.9500 -7.654161e+00 7.087736e+01 6.809352e+01 -4.966043e+01
1.506187e+02 276.9500 -7.761573e+00 7.194971e+01 6.904243e+01 -5.026712e+01
1.504476e+02 280.9500 -7.868737e+00 7.302318e+01 6.998956e+01 -5.086932e+01
1.502741e+02 284.9500 -7.975647e+00 7.409779e+01 7.093491e+01 -5.146702e+01
1.500980e+02 288.9500 -8.082296e+00 7.517353e+01 7.187848e+01 -5.206019e+01
1.499196e+02 292.9500 -8.188679e+00 7.625040e+01 7.282025e+01 -5.264882e+01
1.497386e+02 296.9500 -8.294791e+00 7.732838e+01 7.376021e+01 -5.323290e+01
1.495553e+02 300.9500 -8.400625e+00 7.840747e+01 7.469836e+01 -5.381241e+01
1.493694e+02 304.9500 -8.506175e+00 7.948768e+01 7.563468e+01 -5.438734e+01
1.491811e+02 308.9500 -8.611437e+00 8.056898e+01 7.656917e+01 -5.495767e+01
1.489904e+02 312.9500 -8.716404e+00 8.165137e+01 7.750182e+01 -5.552339e+01
1.487972e+02 316.9500 -8.821071e+00 8.273486e+01 7.843261e+01 -5.608449e+01
1.486016e+02 320.9500 -8.925431e+00 8.381942e+01 7.936154e+01 -5.664096e+01
1.484035e+02 324.9500 -9.029479e+00 8.490505e+01 8.028859e+01 -5.719280e+01
1.482029e+02 328.9500 -9.133210e+00 8.599174e+01 8.121376e+01 -5.773998e+01
1.479999e+02 332.9500 -9.236618e+00 8.707949e+01 8.213702e+01 -5.828252e+01
1.477944e+02 336.9500 -9.339696e+00 8.816828e+01 8.305836e+01 -5.882038e+01
1.475865e+02 340.9500 -9.442440e+00 8.925810e+01 8.397777e+01 -5.935358e+01
1.473761e+02 344.9500 -9.544844e+00 9.034895e+01 8.489524e+01 -5.988211e+01
1.471633e+02 348.9500 -9.646902e+00 9.144080e+01 8.581075e+01 -6.040595e+01
1.469480e+02 352.9500 -9.748609e+00 9.253367e+01 8.672427e+01 -6.092510e+01
1.467303e+02 356.9500 -9.849959e+00 9.362752e+01 8.763579e+01 -6.143957e+01
1.465101e+02 360.9500 -9.950947e+00 9.472235e+01 8.854530e+01 -6.194934e+01
1.462875e+02 364.9500 -1.005157e+01 9.581815e+01 8.945276e+01 -6.245442e+01
1.460624e+02 368.9500 -1.015182e+01 9.691490e+01 9.035816e+01 -6.295479e+01
1.458348e+02 372.9500 -1.025169e+01 9.801260e+01 9.126147e+01 -6.345046e+01
1.456048e+02 376.9500 -1.035117e+01 9.911122e+01 9.216266e+01 -6.394143e+01
1.453724e+02 380.9500 -1.045027e+01 1.002108e+02 9.306171e+01 -6.442769e+01
1.451375e+02 384.9500 -1.054898e+01 1.013112e+02 9.395859e+01 -6.490925e+01
1.449001e+02 388.9500 -1.064729e+01 1.024126e+02 9.485327e+01 -6.538609e+01
1.446603e+02 392.9500 -1.074519e+01 1.035148e+02 9.574570e+01 -6.585823e+01
1.444180e+02 396.9500 -1.084269e+01 1.046179e+02 9.663586e+01 -6.632566e+01
1.441733e+02 400.9500 -1.093978e+01 1.057218e+02 9.752371e+01 -6.678838e+01
1.439261e+02 404.9500 -1.103645e+01 1.068266e+02 9.840921e+01 -6.724639e+01
1.436765e+02 408.9500 -1.113270e+01 1.079322e+02 9.929232e+01 -6.769969e+01
1.434244e+02 412.9500 -1.122852e+01 1.090386e+02 1.001730e+02 -6.814828e+01
1.431699e+02 416.9500 -1.132391e+01 1.101458e+02 1.010512e+02 -6.859217e+01
1.429129e+02 420.9500 -1.141887e+01 1.112538e+02 1.019268e+02 -6.903136e+01
1.426534e+02 424.9500 -1.151339e+01 1.123625e+02 1.027998e+02 -6.946584e+01
1.423915e+02 428.9500 -1.160747e+01 1.134720e+02 1.036702e+02 -6.989562e+01
1.421272e+02 432.9500 -1.170110e+01 1.145822e+02 1.045379e+02 -7.032071e+01
1.418604e+02 436.9500 -1.179429e+01 1.156932e+02 1.054028e+02 -7.074109e+01
1.415911e+02 440.9500 -1.188702e+01 1.168048e+02 1.062649e+02 -7.115679e+01
1.413194e+02 444.9500 -1.197929e+01 1.179171e+02 1.071240e+02 -7.156779e+01
1.410452e+02 448.9500 -1.207111e+01 1.190302e+02 1.079802e+02 -7.197410e+01
1.407686e+02 452.9500 -1.216246e+01 1.201438e+02 1.088333e+02 -7.237573e+01
1.404895e+02 456.9500 -1.225334e+01 1.212582e+02 1.096832e+02 -7.277267e+01
1.402080e+02 460.9500 -1.234376e+01 1.223731e+02 1.105299e+02 -7.316494e+01
1.399240e+02 464.9500 -1.243371e+01 1.234887e+02 1.113733e+02 -7.355253e+01
1.396376e+02 468.9500 -1.252318e+01 1.246049e+02 1.122133e+02 -7.393545e+01
1.393487e+02 472.9500 -1.261218e+01 1.257216e+02 1.130497e+02 -7.431371e+01
1.390573e+02 476.9500 -1.270070e+01 1.268389e+02 1.138825e+02 -7.468730e+01
1.387635e+02 480.9500 -1.278874e+01 1.279568e+02 1.147116e+02 -7.505623e+01
1.384673e+02 484.9500 -1.287629e+01 1.290752e+02 1.155368e+02 -7.542052e+01
1.381686e+02 488.9500 -1.296336e+01 1.301942e+02 1.163580e+02 -7.578015e+01
1.378674e+02 492.9500 -1.304995e+01 1.313136e+02 1.171751e+02 -7.613515e+01
1.375638e+02 496.9500 -1.313605e+01 1.324336e+02 1.179880e+02 -7.648551e+01
1.372578e+02 500.9500 -1.322166e+01 1.335540e+02 1.187966e+02 -7.683124e+01
1.369492e+02 504.9500 -1.330678e+01 1.346749e+02 1.196006e+02 -7.717235e+01
1.366383e+02 508.9500 -1.339142e+01 1.357963e+02 1.204000e+02 -7.750886e+01
1.363248e+02 512.9500 -1.347556e+01 1.369181e+02 1.211945e+02 -7.784075e+01
1.360090e+02 516.9500 -1.355921e+01 1.380403e+02 1.219841e+02 -7.816806e+01
1.356906e+02 520.9500 -1.364236e+01 1.391629e+02 1.227685e+02 -7.849078e+01
1.353698e+02 524.9500 -1.372503e+01 1.402860e+02 1.235477e+02 -7.880892e+01
1.350466e+02 528.9500 -1.380721e+01 1.414094e+02 1.243214e+02 -7.912251e+01
1.347209e+02 532.9500 -1.388889e+01 1.425332e+02 1.250894e+02 -7.943155e+01
1.343928e+02 536.9500 -1.397008e+01 1.436573e+02 1.258516e+02 -7.973605e+01
1.340622e+02 540.9500 -1.405078e+01 1.447818e+02 1.266078e+02 -8.003604e+01
1.337291e+02 544.9500 -1.413099e+01 1.459067e+02 1.273578e+02 -8.033153e+01
1.333936e+02 548.9500 -1.421072e+01 1.470318e+02 1.281013e+02 -8.062253e+01
1.330556e+02 552.9500 -1.428995e+01 1.481573e+02 1.288383e+02 -8.090908e+01
1.327152e+02 556.9500 -1.436870e+01 1.492831e+02 1.295685e+02 -8.119118e+01
1.323723e+02 560.9500 -1.444697e+01 1.504092e+02 1.302916e+02 -8.146888e+01
1.320270e+02 564.9500 -1.452475e+01 1.515355e+02 1.310076e+02 -8.174218e+01
1.316792e+02 568.9500 -1.460206e+01 1.526621e+02 1.317161e+02 -8.201113e+01
1.313290e+02 572.9500 -1.467888e+01 1.537890e+02 1.324171e+02 -8.227574e+01
1.309763e+02 576.9500 -1.475523e+01 1.549161e+02 1.331102e+02 -8.253607e+01
1.306212e+02 580.9500 -1.483111e+01 1.560434e+02 1.337953e+02 -8.279214e+01
1.302636e+02 584.9500 -1.490651e+01 1.571710e+02 1.344722e+02 -8.304399e+01
1.299035e+02 588.9500 -1.498145e+01 1.582988e+02 1.351407e+02 -8.329166e+01
1.295410e+02 592.9500 -1.505592e+01 1.594268e+02 1.358006e+02 -8.353521e+01
1.291761e+02 596.9500 -1.512994e+01 1.605550e+02 1.364517e+02 -8.377467e+01
