#TMeV s1 s3 q1 q3
125.00 9.7601e-02 1.0836e-02 -8.7162e-03 -1.0934e-03
125.50 9.9725e-02 1.0961e-02 -8.9440e-03 -1.1126e-03
126.00 1.0187e-01 1.1084e-02 -9.1754e-03 -1.1317e-03
126.50 1.0404e-01 1.1203e-02 -9.4104e-03 -1.1505e-03
127.00 1.0623e-01 1.1320e-02 -9.6489e-03 -1.1692e-03
127.50 1.0844e-01 1.1433e-02 -9.8910e-03 -1.1876e-03
128.00 1.1067e-01 1.1543e-02 -1.0137e-02 -1.2058e-03
128.50 1.1292e-01 1.1649e-02 -1.0386e-02 -1.2238e-03
129.00 1.1519e-01 1.1752e-02 -1.0638e-02 -1.2414e-03
129.50 1.1748e-01 1.1852e-02 -1.0894e-02 -1.2588e-03
130.00 1.1979e-01 1.1947e-02 -1.1154e-02 -1.2758e-03
130.50 1.2211e-01 1.2039e-02 -1.1417e-02 -1.2925e-03
131.00 1.2446e-01 1.2127e-02 -1.1683e-02 -1.3088e-03
131.50 1.2682e-01 1.2212e-02 -1.1953e-02 -1.3247e-03
132.00 1.2919e-01 1.2292e-02 -1.2226e-02 -1.3402e-03
132.50 1.3159e-01 1.2368e-02 -1.2502e-02 -1.3553e-03
133.00 1.3400e-01 1.2440e-02 -1.2781e-02 -1.3699e-03
133.50 1.3642e-01 1.2509e-02 -1.3064e-02 -1.3840e-03
134.00 1.3886e-01 1.2573e-02 -1.3349e-02 -1.3977e-03
134.50 1.4132e-01 1.2632e-02 -1.3638e-02 -1.4108e-03
135.00 1.4378e-01 1.2688e-02 -1.3930e-02 -1.4234e-03
135.50 1.4626e-01 1.2739e-02 -1.4225e-02 -1.4355e-03
136.00 1.4876e-01 1.2786e-02 -1.4523e-02 -1.4469e-03
136.50 1.5126e-01 1.2829e-02 -1.4824e-02 -1.4578e-03
137.00 1.5378e-01 1.2868e-02 -1.5127e-02 -1.4681e-03
137.50 1.5630e-01 1.2902e-02 -1.5434e-02 -1.4777e-03
138.00 1.5884e-01 1.2932e-02 -1.5743e-02 -1.4867e-03
138.50 1.6139e-01 1.2957e-02 -1.6055e-02 -1.4951e-03
139.00 1.6394e-01 1.2978e-02 -1.6369e-02 -1.5027e-03
139.50 1.6651e-01 1.2995e-02 -1.6687e-02 -1.5097e-03
140.00 1.6908e-01 1.3008e-02 -1.7006e-02 -1.5159e-03
140.50 1.7166e-01 1.3017e-02 -1.7328e-02 -1.5214e-03
141.00 1.7424e-01 1.3021e-02 -1.7653e-02 -1.5262e-03
141.50 1.7684e-01 1.3021e-02 -1.7980e-02 -1.5302e-03
142.00 1.7943e-01 1.3017e-02 -1.8309e-02 -1.5334e-03
142.50 1.8204e-01 1.3009e-02 -1.8640e-02 -1.5358e-03
143.00 1.8464e-01 1.2997e-02 -1.8973e-02 -1.5375e-03
143.50 1.8726e-01 1.2981e-02 -1.9309e-02 -1.5383e-03
144.00 1.8987e-01 1.2961e-02 -1.9646e-02 -1.5383e-03
144.50 1.9249e-01 1.2937e-02 -1.9986e-02 -1.5375e-03
145.00 1.9511e-01 1.2909e-02 -2.0327e-02 -1.5358e-03
145.50 1.9773e-01 1.2878e-02 -2.0670e-02 -1.5333e-03
146.00 2.0035e-01 1.2843e-02 -2.1014e-02 -1.5300e-03
146.50 2.0297e-01 1.2804e-02 -2.1361e-02 -1.5257e-03
147.00 2.0560e-01 1.2761e-02 -2.1709e-02 -1.5206e-03
147.50 2.0822e-01 1.2716e-02 -2.2058e-02 -1.5146e-03
148.00 2.1084e-01 1.2666e-02 -2.2409e-02 -1.5077e-03
148.50 2.1346e-01 1.2614e-02 -2.2761e-02 -1.4999e-03
149.00 2.1608e-01 1.2558e-02 -2.3114e-02 -1.4913e-03
149.50 2.1869e-01 1.2499e-02 -2.3469e-02 -1.4817e-03
150.00 2.2130e-01 1.2437e-02 -2.3825e-02 -1.4712e-03
150.50 2.2391e-01 1.2372e-02 -2.4181e-02 -1.4598e-03
151.00 2.2652e-01 1.2304e-02 -2.4539e-02 -1.4475e-03
151.50 2.2912e-01 1.2234e-02 -2.4898e-02 -1.4343e-03
152.00 2.3171e-01 1.2160e-02 -2.5257e-02 -1.4202e-03
152.50 2.3430e-01 1.2084e-02 -2.5617e-02 -1.4051e-03
153.00 2.3688e-01 1.2006e-02 -2.5978e-02 -1.3892e-03
153.50 2.3946e-01 1.1925e-02 -2.6339e-02 -1.3724e-03
154.00 2.4203e-01 1.1841e-02 -2.6701e-02 -1.3546e-03
154.50 2.4459e-01 1.1756e-02 -2.7064e-02 -1.3360e-03
155.00 2.4715e-01 1.1668e-02 -2.7426e-02 -1.3164e-03
155.50 2.4969e-01 1.1578e-02 -2.7789e-02 -1.2960e-03
156.00 2.5223e-01 1.1486e-02 -2.8153e-02 -1.2746e-03
156.50 2.5476e-01 1.1392e-02 -2.8516e-02 -1.2524e-03
157.00 2.5728e-01 1.1297e-02 -2.8880e-02 -1.2293e-03
157.50 2.5979e-01 1.1200e-02 -2.9243e-02 -1.2053e-03
158.00 2.6229e-01 1.1101e-02 -2.9607e-02 -1.1805e-03
158.50 2.6478e-01 1.1000e-02 -2.9970e-02 -1.1548e-03
159.00 2.6726e-01 1.0898e-02 -3.0334e-02 -1.1282e-03
159.50 2.6973e-01 1.0795e-02 -3.0697e-02 -1.1008e-03
160.00 2.7219e-01 1.0690e-02 -3.1059e-02 -1.0726e-03
160.50 2.7463e-01 1.0585e-02 -3.1422e-02 -1.0436e-03
161.00 2.7707e-01 1.0478e-02 -3.1784e-02 -1.0137e-03
161.50 2.7949e-01 1.0370e-02 -3.2145e-02 -9.8303e-04
162.00 2.8190e-01 1.0261e-02 -3.2506e-02 -9.5157e-04
162.50 2.8430e-01 1.0151e-02 -3.2866e-02 -9.1933e-04
163.00 2.8668e-01 1.0040e-02 -3.3226e-02 -8.8631e-04
163.50 2.8905e-01 9.9290e-03 -3.3585e-02 -8.5254e-04
164.00 2.9141e-01 9.8170e-03 -3.3943e-02 -8.1802e-04
164.50 2.9375e-01 9.7044e-03 -3.4300e-02 -7.8276e-04
165.00 2.9608e-01 9.5912e-03 -3.4657e-02 -7.4678e-04
165.50 2.9840e-01 9.4776e-03 -3.5012e-02 -7.1009e-04
166.00 3.0070e-01 9.3636e-03 -3.5367e-02 -6.7271e-04
166.50 3.0299e-01 9.2493e-03 -3.5720e-02 -6.3464e-04
167.00 3.0526e-01 9.1347e-03 -3.6072e-02 -5.9590e-04
167.50 3.0752e-01 9.0199e-03 -3.6423e-02 -5.5651e-04
168.00 3.0976e-01 8.9050e-03 -3.6773e-02 -5.1647e-04
168.50 3.1199e-01 8.7900e-03 -3.7122e-02 -4.7581e-04
169.00 3.1420e-01 8.6749e-03 -3.7470e-02 -4.3454e-04
169.50 3.1640e-01 8.5599e-03 -3.7816e-02 -3.9267e-04
170.00 3.1858e-01 8.4449e-03 -3.8161e-02 -3.5021e-04
170.50 3.2075e-01 8.3300e-03 -3.8504e-02 -3.0719e-04
171.00 3.2290e-01 8.2153e-03 -3.8846e-02 -2.6361e-04
171.50 3.2503e-01 8.1008e-03 -3.9186e-02 -2.1949e-04
172.00 3.2715e-01 7.9866e-03 -3.9525e-02 -1.7485e-04
172.50 3.2926e-01 7.8727e-03 -3.9863e-02 -1.2970e-04
173.00 3.3134e-01 7.7591e-03 -4.0198e-02 -8.4054e-05
173.50 3.3341e-01 7.6458e-03 -4.0533e-02 -3.7930e-05
174.00 3.3547e-01 7.5330e-03 -4.0865e-02 8.6565e-06
174.50 3.3751e-01 7.4207e-03 -4.1196e-02 5.5692e-05
175.00 3.3953e-01 7.3088e-03 -4.1525e-02 1.0316e-04
175.50 3.4153e-01 7.1974e-03 -4.1853e-02 1.5105e-04
176.00 3.4352e-01 7.0866e-03 -4.2178e-02 1.9934e-04
176.50 3.4550e-01 6.9764e-03 -4.2502e-02 2.4802e-04
177.00 3.4745e-01 6.8667e-03 -4.2824e-02 2.9707e-04
177.50 3.4939e-01 6.7577e-03 -4.3144e-02 3.4648e-04
178.00 3.5132e-01 6.6494e-03 -4.3463e-02 3.9624e-04
178.50 3.5323e-01 6.5417e-03 -4.3779e-02 4.4633e-04
179.00 3.5512e-01 6.4347e-03 -4.4094e-02 4.9673e-04
179.50 3.5699e-01 6.3285e-03 -4.4406e-02 5.4743e-04
180.00 3.5885e-01 6.2230e-03 -4.4717e-02 5.9841e-04
180.50 3.6069e-01 6.1182e-03 -4.5026e-02 6.4967e-04
181.00 3.6252e-01 6.0142e-03 -4.5333e-02 7.0119e-04
181.50 3.6433e-01 5.9110e-03 -4.5637e-02 7.5295e-04
182.00 3.6612e-01 5.8087e-03 -4.5940e-02 8.0494e-04
182.50 3.6790e-01 5.7071e-03 -4.6241e-02 8.5715e-04
183.00 3.6966e-01 5.6064e-03 -4.6540e-02 9.0957e-04
183.50 3.7140e-01 5.5065e-03 -4.6837e-02 9.6217e-04
184.00 3.7313e-01 5.4075e-03 -4.7131e-02 1.0149e-03
184.50 3.7484e-01 5.3093e-03 -4.7424e-02 1.0679e-03
185.00 3.7654e-01 5.2120e-03 -4.7714e-02 1.1210e-03
185.50 3.7822e-01 5.1156e-03 -4.8003e-02 1.1742e-03
186.00 3.7988e-01 5.0201e-03 -4.8289e-02 1.2276e-03
186.50 3.8153e-01 4.9255e-03 -4.8574e-02 1.2811e-03
187.00 3.8317e-01 4.8318e-03 -4.8856e-02 1.3346e-03
187.50 3.8478e-01 4.7390e-03 -4.9136e-02 1.3883e-03
188.00 3.8638e-01 4.6471e-03 -4.9414e-02 1.4421e-03
188.50 3.8797e-01 4.5561e-03 -4.9690e-02 1.4959e-03
189.00 3.8954e-01 4.4660e-03 -4.9964e-02 1.5498e-03
189.50 3.9110e-01 4.3769e-03 -5.0236e-02 1.6037e-03
190.00 3.9264e-01 4.2886e-03 -5.0506e-02 1.6577e-03
190.50 3.9416e-01 4.2013e-03 -5.0773e-02 1.7116e-03
191.00 3.9567e-01 4.1149e-03 -5.1039e-02 1.7656e-03
191.50 3.9717e-01 4.0294e-03 -5.1302e-02 1.8196e-03
192.00 3.9864e-01 3.9449e-03 -5.1564e-02 1.8737e-03
192.50 4.0011e-01 3.8612e-03 -5.1823e-02 1.9276e-03
193.00 4.0156e-01 3.7785e-03 -5.2080e-02 1.9816e-03
193.50 4.0300e-01 3.6966e-03 -5.2335e-02 2.0355e-03
194.00 4.0442e-01 3.6157e-03 -5.2588e-02 2.0894e-03
194.50 4.0582e-01 3.5357e-03 -5.2839e-02 2.1433e-03
195.00 4.0722e-01 3.4566e-03 -5.3088e-02 2.1971e-03
195.50 4.0859e-01 3.3784e-03 -5.3334e-02 2.2508e-03
196.00 4.0996e-01 3.3011e-03 -5.3579e-02 2.3044e-03
196.50 4.1131e-01 3.2246e-03 -5.3822e-02 2.3580e-03
197.00 4.1264e-01 3.1491e-03 -5.4062e-02 2.4114e-03
197.50 4.1397e-01 3.0744e-03 -5.4301e-02 2.4648e-03
198.00 4.1527e-01 3.0006e-03 -5.4537e-02 2.5181e-03
198.50 4.1657e-01 2.9277e-03 -5.4772e-02 2.5712e-03
199.00 4.1785e-01 2.8556e-03 -5.5004e-02 2.6243e-03
199.50 4.1912e-01 2.7844e-03 -5.5235e-02 2.6772e-03
200.00 4.2037e-01 2.7141e-03 -5.5463e-02 2.7300e-03
