#====================================================================================
#                                 Hadrons: M < 3 GeV
#
#  Contains all hadrons (particles+anti-particles) with known spins that appear in: 
# [1] P.A. Zyla et al. (Particle Data Group), Prog. Theor. Exp. Phys. 2020, 083C01 (2020).
# [2] Simon Capstick, Nathan Isgur, Phys. Rev. D 34, 2809 (1986), Baryons in a Relativized Quark Model with Chromodynamics
# [3] R. N. Faustov and V. O. Galkin, Phys. Rev. D 92, 054005 (2015), Strange baryon spectroscopy in the relativistic quark model
# [4] D. Ebert, R. N. Faustov and V. O. Galkin,Phys. Rev. D 79, 114029 (2009) , Mass spectra and Regge trajectories of light mesons in the relativistic quark model
##
# Please email any list related concern to : karsch@physik.uni-bielefeld.de or jishnu@physik.uni-bielefeld.de
#
# If you use this list please cite, xxxx
##
#  Notations:
#      M:    mass
#      Q:    electric charge
#      B:    baryon number
#      S:    strangeness
#      C:    charmness
#      B':   bottomness
#      g:    spin degeneracy
#      w:    boson (+1) / fermion (-1) statistics
#   *,**:    The PDG notation of established particles
#
#  || state  ||  M  ||  Q  ||  B  ||  S  ||  C  ||  g  ||  w  ||
#====================================================================================
#----------------------------------
#  mesons:  S=0, C=0, B'=0
#----------------------------------
[1]pi+            139.57   1   0   0   0   1   1
[1]pi-            139.57  -1   0   0   0   1   1
[1]pi0            134.98   0   0   0   0   1   1
[1]eta            547.86   0   0   0   0   1   1
[1]f0             500.00   0   0   0   0   1   1 %Earlier f0(600)
[1]rho+           775.26   1   0   0   0   3   1
[1]rho-           775.26  -1   0   0   0   3   1
[1]rho0           775.26   0   0   0   0   3   1
[1]omg            782.65   0   0   0   0   3   1
[1]eta'           957.78   0   0   0   0   1   1
[1]f0             990.00   0   0   0   0   1   1
[1]a0+            980.00   1   0   0   0   1   1
[1]a0-            980.00  -1   0   0   0   1   1
[1]a00            980.00   0   0   0   0   1   1
[1]phi           1019.46   0   0   0   0   3   1
[1]h1            1166.00   0   0   0   0   3   1
[1]b1+           1229.50   1   0   0   0   3   1
[1]b1-           1229.50  -1   0   0   0   3   1
[1]b10           1229.50   0   0   0   0   3   1
[1]a1+           1230.00   1   0   0   0   3   1
[1]a1-           1230.00  -1   0   0   0   3   1
[1]a10           1230.00   0   0   0   0   3   1
[1]f2            1275.50   0   0   0   0   5   1
[1]f1            1281.90   0   0   0   0   3   1
[1]eta_1295      1294.00   0   0   0   0   1   1
[1]pi+_1300      1300.00   1   0   0   0   1   1
[1]pi-_1300      1300.00  -1   0   0   0   1   1
[1]pi0_1300      1300.00   0   0   0   0   1   1
[1]a2+           1316.90   1   0   0   0   5   1
[1]a2-           1316.90  -1   0   0   0   5   1
[1]a20           1316.90   0   0   0   0   5   1
[1]f0_1370       1370.00   0   0   0   0   1   1
[1]pi1+          1354.00   1   0   0   0   3   1
[1]pi1-          1354.00  -1   0   0   0   3   1
[1]pi10          1354.00   0   0   0   0   3   1
[1]eta_1405      1408.80   0   0   0   0   1   1
[1]f1_1420       1426.30   0   0   0   0   3   1
[1]omg_1420      1410.00   0   0   0   0   3   1
[1]rho+_1450     1465.00   1   0   0   0   3   1
[1]rho-_1450     1465.00  -1   0   0   0   3   1
[1]rho0_1450     1465.00   0   0   0   0   3   1
[1]a0+_1450      1474.00   1   0   0   0   1   1
[1]a0-_1450      1474.00  -1   0   0   0   1   1
[1]a00_1450      1474.00   0   0   0   0   1   1
[1]eta_1475      1475.00   0   0   0   0   1   1
[1]f0_1500       1506.00   0   0   0   0   1   1
[1]f2'_1525      1517.40   0   0   0   0   5   1
[1]pi1+_1600     1660.00   1   0   0   0   3   1
[1]pi1-_1600     1660.00  -1   0   0   0   3   1
[1]pi10_1600     1660.00   0   0   0   0   3   1
[1]eta2_1645     1617.00   0   0   0   0   5   1
[1]omg_1650      1670.00   0   0   0   0   3   1
[1]omg3_1670     1667.00   0   0   0   0   7   1
[1]pi2+_1670     1670.60   1   0   0   0   5   1
[1]pi2-_1670     1670.60  -1   0   0   0   5   1
[1]pi20_1670     1670.60   0   0   0   0   5   1
[1]phi_1680      1680.00   0   0   0   0   3   1
[1]rho3+_1690    1688.80   1   0   0   0   7   1
[1]rho3-_1690    1688.80  -1   0   0   0   7   1
[1]rho30_1690    1688.80   0   0   0   0   7   1
[1]rho+_1700     1720.00   1   0   0   0   3   1
[1]rho-_1700     1720.00  -1   0   0   0   3   1
[1]rho0_1700     1720.00   0   0   0   0   3   1
[1]f0_1710       1704.00   0   0   0   0   1   1
[1]pi+_1800      1810.00   1   0   0   0   1   1
[1]pi-_1800      1810.00  -1   0   0   0   1   1
[1]pi0_1800      1810.00   0   0   0   0   1   1
[1]phi3_1850     1854.00   0   0   0   0   7   1
[1]pi2+_1880     1874.00   1   0   0   0   5   1
[1]pi2-_1880     1874.00  -1   0   0   0   5   1
[1]pi20_1880     1874.00   0   0   0   0   5   1
[1]f2_1950       1936.00   0   0   0   0   5   1
[1]f2_2010       2011.00   0   0   0   0   5   1
[1]a4+_1970      1967.00   1   0   0   0   9   1
[1]a4-_1970      1967.00  -1   0   0   0   9   1
[1]a40_1970      1967.00   0   0   0   0   9   1
[1]f4_2050       2018.00   0   0   0   0   9   1
[1]phi_2170      2160.00   0   0   0   0   3   1
[1]f2_2300       2297.00   0   0   0   0   5   1
[1]f2_2340       2345.00   0   0   0   0   5   1
#----------------------------------
#  mesons:  S=/=0, C=0, B'=0 
#----------------------------------
[1]K+             493.68   1   0   1   0   1   1
[1]K-             493.68  -1   0  -1   0   1   1
[1]K0             497.61   0   0   1   0   1   1
[1]aK0            497.61   0   0  -1   0   1   1
[1]K*+            891.66   1   0   1   0   3   1 % K*(892) *
[1]K*-            891.66  -1   0  -1   0   3   1
[1]K*0            896.10   0   0   1   0   3   1
[1]aK*0           896.10   0   0  -1   0   3   1
[1]K1+_1270      1253.00   1   0   1   0   3   1 % K1(1270) *
[1]K1-_1270      1253.00  -1   0  -1   0   3   1
[1]K10_1270      1253.00   0   0   1   0   3   1
[1]aK10_1270     1253.00   0   0  -1   0   3   1
[1]K1+_1400      1403.00   1   0   1   0   3   1 % K1(1400) *
[1]K1-_1400      1403.00  -1   0  -1   0   3   1
[1]K10_1400      1403.00   0   0   1   0   3   1
[1]aK10_1400     1403.00   0   0  -1   0   3   1
[1]K*+_1410      1414.00   1   0   1   0   3   1 % K*(1410) *
[1]K*-_1410      1414.00  -1   0  -1   0   3   1
[1]K*0_1410      1414.00   0   0   1   0   3   1
[1]aK*0_1410     1414.00   0   0  -1   0   3   1
[1]K*+_1430      1425.00   1   0   1   0   1   1
[1]K*-_1430      1425.00  -1   0  -1   0   1   1 % K0*(1430) *
[1]K*0_1430      1425.00   0   0   1   0   1   1
[1]aK*0_1430     1425.00   0   0  -1   0   1   1 
[1]K2*+_1430     1427.30   1   0   1   0   5   1 % K2*(1430) *
[1]K2*-_1430     1427.30  -1   0  -1   0   5   1
[1]K2*0_1430     1432.40   0   0   1   0   5   1
[1]aK2*0_1430    1432.40   0   0  -1   0   5   1
[1]K*+_1680      1718.00   1   0   1   0   3   1 % K*(1680) *
[1]K*-_1680      1718.00  -1   0  -1   0   3   1
[1]K*0_1680      1718.00   0   0   1   0   3   1
[1]aK*0_1680     1718.00   0   0  -1   0   3   1
[1]K2+_1770      1773.00   1   0   1   0   5   1 
[1]K2-_1770      1773.00  -1   0  -1   0   5   1 % K2(1770) *
[1]K20_1770      1773.00   0   0   1   0   5   1
[1]aK20_1770     1773.00   0   0  -1   0   5   1
[1]K3*+_1780     1776.00   1   0   1   0   7   1 K3*(1780) *
[1]K3*-_1780     1776.00  -1   0  -1   0   7   1
[1]K3*0_1780     1776.00   0   0   1   0   7   1
[1]aK3*0_1780    1776.00   0   0  -1   0   7   1
[1]K2+_1820      1819.00   1   0   1   0   5   1 % K2(1820) *
[1]K2-_1820      1819.00  -1   0  -1   0   5   1 
[1]K20_1820      1819.00   0   0   1   0   5   1
[1]aK20_1820     1819.00   0   0  -1   0   5   1
[1]K4*+_2045     2048.00   1   0   1   0   9   1 % K4*(2049) *
[1]K4*-_2045     2048.00  -1   0  -1   0   9   1
[1]K4*0_2045     2048.00   0   0   1   0   9   1
[1]aK4*0_2045    2048.00   0   0  -1   0   9   1 
#----------------------------------
#  baryons: I=1/2, S=0, C=0, B'=0
#----------------------------------
[1]p              938.27   1   1   0   0   2  -1
[1]ap             938.27  -1  -1   0   0   2  -1
[1]n              939.57   0   1   0   0   2  -1
[1]an             939.57   0  -1   0   0   2  -1
[1]p_1440        1440.00   1   1   0   0   2  -1
[1]ap_1440       1440.00  -1  -1   0   0   2  -1
[1]n_1440        1440.00   0   1   0   0   2  -1
[1]an_1440       1440.00   0  -1   0   0   2  -1
[1]p_1520        1515.00   1   1   0   0   4  -1
[1]ap_1520       1515.00  -1  -1   0   0   4  -1
[1]n_1520        1515.00   0   1   0   0   4  -1
[1]an_1520       1515.00   0  -1   0   0   4  -1
[1]p_1535        1530.00   1   1   0   0   2  -1
[1]ap_1535       1530.00  -1  -1   0   0   2  -1
[1]n_1535        1530.00   0   1   0   0   2  -1
[1]an_1535       1530.00   0  -1   0   0   2  -1
[1]p_1650        1650.00   1   1   0   0   2  -1
[1]ap_1650       1650.00  -1  -1   0   0   2  -1
[1]n_1650        1650.00   0   1   0   0   2  -1
[1]an_1650       1650.00   0  -1   0   0   2  -1
[1]p_1675        1675.00   1   1   0   0   6  -1
[1]ap_1675       1675.00  -1  -1   0   0   6  -1
[1]n_1675        1675.00   0   1   0   0   6  -1
[1]an_1675       1675.00   0  -1   0   0   6  -1
[1]p_1680        1685.00   1   1   0   0   6  -1
[1]ap_1680       1685.00  -1  -1   0   0   6  -1
[1]n_1680        1685.00   0   1   0   0   6  -1
[1]an_1680       1685.00   0  -1   0   0   6  -1
[1]p_1700        1720.00   1   1   0   0   4  -1
[1]ap_1700       1720.00  -1  -1   0   0   4  -1
[1]n_1700        1720.00   0   1   0   0   4  -1
[1]an_1700       1720.00   0  -1   0   0   4  -1
[1]p_1710        1710.00   1   1   0   0   2  -1
[1]ap_1710       1710.00  -1  -1   0   0   2  -1
[1]n_1710        1710.00   0   1   0   0   2  -1
[1]an_1710       1710.00   0  -1   0   0   2  -1
[1]p_1720        1720.00   1   1   0   0   4  -1
[1]ap_1720       1720.00  -1  -1   0   0   4  -1
[1]n_1720        1720.00   0   1   0   0   4  -1
[1]an_1720       1720.00   0  -1   0   0   4  -1
[1]p_1875        1875.00   1   1   0   0   4  -1
[1]ap_1875       1875.00  -1  -1   0   0   4  -1
[1]n_1875        1875.00   0   1   0   0   4  -1
[1]an_1875       1875.00   0  -1   0   0   4  -1
[1]p_1880        1880.00   1   1   0   0   2  -1
[1]ap_1880       1880.00  -1  -1   0   0   2  -1
[1]n_1880        1880.00   0   1   0   0   2  -1
[1]an_1880       1880.00   0  -1   0   0   2  -1
[1]p_1895        1895.00   1   1   0   0   2  -1
[1]ap_1895       1895.00  -1  -1   0   0   2  -1
[1]n_1895        1895.00   0   1   0   0   2  -1
[1]an_1895       1895.00   0  -1   0   0   2  -1
[1]p_1900        1920.00   1   1   0   0   4  -1
[1]ap_1900       1920.00  -1  -1   0   0   4  -1
[1]n_1900        1920.00   0   1   0   0   4  -1
[1]an_1900       1920.00   0  -1   0   0   4  -1
[1]p_2060        2100.00   1   1   0   0   6  -1
[1]ap_2060       2100.00  -1  -1   0   0   6  -1
[1]n_2060        2100.00   0   1   0   0   6  -1
[1]an_2060       2100.00   0  -1   0   0   6  -1
[1]p_2100        2100.00   1   1   0   0   2  -1
[1]ap_2100       2100.00  -1  -1   0   0   2  -1
[1]n_2100        2100.00   0   1   0   0   2  -1
[1]an_2100       2100.00   0  -1   0   0   2  -1
[1]p_2120        2120.00   1   1   0   0   4  -1
[1]ap_2120       2120.00  -1  -1   0   0   4  -1
[1]n_2120        2120.00   0   1   0   0   4  -1
[1]an_2120       2120.00   0  -1   0   0   4  -1
[1]p_2190        2180.00   1   1   0   0   8  -1
[1]ap_2190       2180.00  -1  -1   0   0   8  -1
[1]n_2190        2180.00   0   1   0   0   8  -1
[1]an_2190       2180.00   0  -1   0   0   8  -1
[1]p_2220        2250.00   1   1   0   0  10  -1
[1]ap_2220       2250.00  -1  -1   0   0  10  -1
[1]n_2220        2250.00   0   1   0   0  10  -1
[1]an_2220       2250.00   0  -1   0   0  10  -1
[1]p_2250        2280.00   1   1   0   0  10  -1
[1]ap_2250       2280.00  -1  -1   0   0  10  -1
[1]n_2250        2280.00   0   1   0   0  10  -1
[1]an_2250       2280.00   0  -1   0   0  10  -1
[1]p_2600        2600.00   1   1   0   0  12  -1
[1]ap_2600       2600.00  -1  -1   0   0  12  -1
[1]n_2600        2600.00   0   1   0   0  12  -1
[1]an_2600       2600.00   0  -1   0   0  12  -1
#----------------------------------
#  baryons: I=3/2, S=0, C=0, B'=0
#----------------------------------
[1]Del++_1232    1232.00   2   1   0   0   4  -1 
[1]Del--_1232    1232.00  -2  -1   0   0   4  -1
[1]Del+_1232     1232.00   1   1   0   0   4  -1
[1]aDel+_1232    1232.00  -1  -1   0   0   4  -1
[1]Del-_1232     1232.00  -1   1   0   0   4  -1
[1]aDel-_1232    1232.00   1  -1   0   0   4  -1
[1]Del0_1232     1232.00   0   1   0   0   4  -1
[1]aDel0_1232    1232.00   0  -1   0   0   4  -1
[1]Del++_1600    1570.00   2   1   0   0   4  -1  
[1]Del--_1600    1570.00  -2  -1   0   0   4  -1  
[1]Del+_1600     1570.00   1   1   0   0   4  -1
[1]aDel+_1600    1570.00  -1  -1   0   0   4  -1
[1]Del-_1600     1570.00  -1   1   0   0   4  -1
[1]aDel-_1600    1570.00   1  -1   0   0   4  -1
[1]Del0_1600     1570.00   0   1   0   0   4  -1
[1]aDel0_1600    1570.00   0  -1   0   0   4  -1
[1]Del++_1620    1610.00   2   1   0   0   2  -1  
[1]Del--_1620    1610.00  -2  -1   0   0   2  -1
[1]Del+_1620     1610.00   1   1   0   0   2  -1
[1]aDel+_1620    1610.00  -1  -1   0   0   2  -1
[1]Del-_1620     1610.00  -1   1   0   0   2  -1
[1]aDel-_1620    1610.00   1  -1   0   0   2  -1
[1]Del0_1620     1610.00   0   1   0   0   2  -1
[1]aDel0_1620    1610.00   0  -1   0   0   2  -1
[1]Del++_1700    1710.00   2   1   0   0   4  -1 
[1]Del--_1700    1710.00  -2  -1   0   0   4  -1
[1]Del+_1700     1710.00   1   1   0   0   4  -1
[1]aDel+_1700    1710.00  -1  -1   0   0   4  -1
[1]Del-_1700     1710.00  -1   1   0   0   4  -1
[1]aDel-_1700    1710.00   1  -1   0   0   4  -1
[1]Del0_1700     1710.00   0   1   0   0   4  -1
[1]aDel0_1700    1710.00   0  -1   0   0   4  -1
[1]Del++_1900    1860.00   2   1   0   0   2  -1 
[1]Del--_1900    1860.00  -2  -1   0   0   2  -1
[1]Del+_1900     1860.00   1   1   0   0   2  -1
[1]aDel+_1900    1860.00  -1  -1   0   0   2  -1
[1]Del-_1900     1860.00  -1   1   0   0   2  -1
[1]aDel-_1900    1860.00   1  -1   0   0   2  -1
[1]Del0_1900     1860.00   0   1   0   0   2  -1
[1]aDel0_1900    1860.00   0  -1   0   0   2  -1 
[1]Del++_1905    1880.00   2   1   0   0   6  -1 
[1]Del--_1905    1880.00  -2  -1   0   0   6  -1 
[1]Del+_1905     1880.00   1   1   0   0   6  -1 
[1]aDel+_1905    1880.00  -1  -1   0   0   6  -1
[1]Del-_1905     1880.00  -1   1   0   0   6  -1
[1]aDel-_1905    1880.00   1  -1   0   0   6  -1
[1]Del0_1905     1880.00   0   1   0   0   6  -1
[1]aDel0_1905    1880.00   0  -1   0   0   6  -1
[1]Del++_1910    1900.00   2   1   0   0   2  -1 
[1]Del--_1910    1900.00  -2  -1   0   0   2  -1
[1]Del+_1910     1900.00   1   1   0   0   2  -1
[1]aDel+_1910    1900.00  -1  -1   0   0   2  -1
[1]Del-_1910     1900.00  -1   1   0   0   2  -1 
[1]aDel-_1910    1900.00   1  -1   0   0   2  -1
[1]Del0_1910     1900.00   0   1   0   0   2  -1
[1]aDel0_1910    1900.00   0  -1   0   0   2  -1
[1]Del++_1920    1920.00   2   1   0   0   4  -1  
[1]Del--_1920    1920.00  -2  -1   0   0   4  -1
[1]Del+_1920     1920.00   1   1   0   0   4  -1
[1]aDel+_1920    1920.00  -1  -1   0   0   4  -1
[1]Del-_1920     1920.00  -1   1   0   0   4  -1
[1]aDel-_1920    1920.00   1  -1   0   0   4  -1
[1]Del0_1920     1920.00   0   1   0   0   4  -1
[1]aDel0_1920    1920.00   0  -1   0   0   4  -1
[1]Del++_1930    1950.00   2   1   0   0   6  -1 
[1]Del--_1930    1950.00  -2  -1   0   0   6  -1
[1]Del+_1930     1950.00   1   1   0   0   6  -1
[1]aDel+_1930    1950.00  -1  -1   0   0   6  -1
[1]Del-_1930     1950.00  -1   1   0   0   6  -1
[1]aDel-_1930    1950.00   1  -1   0   0   6  -1
[1]Del0_1930     1950.00   0   1   0   0   6  -1
[1]aDel0_1930    1950.00   0  -1   0   0   6  -1
[1]Del++_1950    1950.00   2   1   0   0   8  -1 
[1]Del--_1950    1950.00  -2  -1   0   0   8  -1 
[1]Del+_1950     1950.00   1   1   0   0   8  -1
[1]aDel+_1950    1950.00  -1  -1   0   0   8  -1
[1]Del-_1950     1950.00  -1   1   0   0   8  -1
[1]aDel-_1950    1950.00   1  -1   0   0   8  -1
[1]Del0_1950     1950.00   0   1   0   0   8  -1
[1]Del0_1950     1950.00   0  -1   0   0   8  -1
[1]Del++_2200    2200.00   2   1   0   0   8  -1 
[1]Del--_2200    2200.00  -2  -1   0   0   8  -1
[1]Del+_2200     2200.00   1   1   0   0   8  -1
[1]aDel+_2200    2200.00  -1  -1   0   0   8  -1
[1]Del-_2200     2200.00  -1   1   0   0   8  -1 
[1]aDel-_2200    2200.00   1  -1   0   0   8  -1
[1]Del0_2200     2200.00   0   1   0   0   8  -1
[1]Del0_2200     2200.00   0  -1   0   0   8  -1
[1]Del++_2420    2450.00   2   1   0   0  12  -1 
[1]Del--_2420    2450.00  -2  -1   0   0  12  -1
[1]Del+_2420     2450.00   1   1   0   0  12  -1
[1]aDel+_2420    2450.00  -1  -1   0   0  12  -1
[1]Del-_2420     2450.00  -1   1   0   0  12  -1
[1]aDel-_2420    2450.00   1  -1   0   0  12  -1
[1]Del0_2420     2450.00   0   1   0   0  12  -1
[1]aDel0_2420    2450.00   0  -1   0   0  12  -1 %%% PDG 3 and 4 star up to here
#----------------------------------
#  baryons: I=0, S=-+1, C=0, B'=0
#----------------------------------
[1]Lam           1115.68   0   1  -1   0   2  -1
[1]aLam          1115.68   0  -1   1   0   2  -1
[1]Lam_1405      1405.10   0   1  -1   0   2  -1 
[1]aLam_1405     1405.10   0  -1   1   0   2  -1
[1]Lam_1520      1519.00   0   1  -1   0   4  -1
[1]aLam_1520     1519.00   0  -1   1   0   4  -1
[1]Lam_1600      1600.00   0   1  -1   0   2  -1
[1]aLam_1600     1600.00   0  -1   1   0   2  -1
[1]Lam_1670      1674.00   0   1  -1   0   2  -1
[1]aLam_1670     1674.00   0  -1   1   0   2  -1
[1]Lam_1690      1690.00   0   1  -1   0   4  -1
[1]aLam_1690     1690.00   0  -1   1   0   4  -1
[1]Lam_1800      1800.00   0   1  -1   0   2  -1 
[1]aLam_1800     1800.00   0  -1   1   0   2  -1
[1]Lam_1810      1790.00   0   1  -1   0   2  -1
[1]aLam_1810     1790.00   0  -1   1   0   2  -1
[1]Lam_1820      1820.00   0   1  -1   0   6  -1
[1]aLam_1820     1820.00   0  -1   1   0   6  -1
[1]Lam_1830      1825.00   0   1  -1   0   6  -1 
[1]aLam_1830     1825.00   0  -1   1   0   6  -1
[1]Lam_1890      1890.00   0   1  -1   0   4  -1
[1]aLam_1890     1890.00   0  -1   1   0   4  -1
[1]Lam_2100      2100.00   0   1  -1   0   8  -1
[1]aLam_2100     2100.00   0  -1   1   0   8  -1
[1]Lam_2110      2090.00   0   1  -1   0   6  -1
[1]aLam_2110     2090.00   0  -1   1   0   6  -1
[1]Lam_2350      2350.00   0   1  -1   0  10  -1
[1]aLam_2350     2350.00   0  -1   1   0  10  -1 %PDG 3 and 4 star up to here
#----------------------------------
#  baryons: I=1, S=-+1, C=0, B'=0
#----------------------------------
[1]Sig+          1189.37   1   1  -1   0   2  -1
[1]aSig+         1189.37  -1  -1   1   0   2  -1
[1]Sig-          1197.45  -1   1  -1   0   2  -1
[1]aSig-         1197.45   1  -1   1   0   2  -1
[1]Sig0          1192.64   0   1  -1   0   2  -1
[1]aSig0         1192.64   0  -1   1   0   2  -1
[1]Sig+_1385     1382.80   1   1  -1   0   4  -1
[1]aSig+_1385    1382.80  -1  -1   1   0   4  -1
[1]Sig-_1385     1387.20  -1   1  -1   0   4  -1
[1]aSig-_1385    1387.20   1  -1   1   0   4  -1
[1]Sig0_1385     1383.70   0   1  -1   0   4  -1
[1]aSig0_1385    1383.70   0  -1   1   0   4  -1
[1]Sig+_1660     1660.00   1   1  -1   0   2  -1
[1]aSig+_1660    1660.00  -1  -1   1   0   2  -1
[1]Sig-_1660     1660.00  -1   1  -1   0   2  -1
[1]aSig-_1660    1660.00   1  -1   1   0   2  -1
[1]Sig0_1660     1660.00   0   1  -1   0   2  -1
[1]aSig0_1660    1660.00   0  -1   1   0   2  -1
[1]Sig+_1670     1675.00   1   1  -1   0   4  -1
[1]aSig+_1670    1675.00  -1  -1   1   0   4  -1
[1]Sig-_1670     1675.00  -1   1  -1   0   4  -1
[1]aSig-_1670    1675.00   1  -1   1   0   4  -1
[1]Sig0_1670     1675.00   0   1  -1   0   4  -1
[1]aSig0_1670    1675.00   0  -1   1   0   4  -1
[1]Sig+_1750     1750.00   1   1  -1   0   2  -1
[1]aSig+_1750    1750.00  -1  -1   1   0   2  -1
[1]Sig-_1750     1750.00  -1   1  -1   0   2  -1
[1]aSig-_1750    1750.00   1  -1   1   0   2  -1
[1]Sig0_1750     1750.00   0   1  -1   0   2  -1
[1]aSig0_1750    1750.00   0  -1   1   0   2  -1
[1]Sig+_1775     1775.00   1   1  -1   0   6  -1
[1]aSig+_1775    1775.00  -1  -1   1   0   6  -1
[1]Sig-_1775     1775.00  -1   1  -1   0   6  -1
[1]aSig-_1775    1775.00   1  -1   1   0   6  -1
[1]Sig0_1775     1775.00   0   1  -1   0   6  -1
[1]aSig0_1775    1775.00   0  -1   1   0   6  -1
[1]Sig+_1910     1910.00   1   1  -1   0   4  -1
[1]aSig+_1910    1910.00  -1  -1   1   0   4  -1
[1]Sig-_1910     1910.00  -1   1  -1   0   4  -1
[1]aSig-_1910    1910.00   1  -1   1   0   4  -1
[1]Sig0_1910     1910.00   0   1  -1   0   4  -1
[1]aSig0_1910    1910.00   0  -1   1   0   4  -1
[1]Sig+_1915     1915.00   1   1  -1   0   6  -1
[1]aSig+_1915    1915.00  -1  -1   1   0   6  -1
[1]Sig-_1915     1915.00  -1   1  -1   0   6  -1
[1]aSig-_1915    1915.00   1  -1   1   0   6  -1
[1]Sig0_1915     1915.00   0   1  -1   0   6  -1
[1]aSig0_1915    1915.00   0  -1   1   0   6  -1
[1]Sig+_2030     2030.00   1   1  -1   0   8  -1
[1]aSig+_2030    2030.00  -1  -1   1   0   8  -1
[1]Sig-_2030     2030.00  -1   1  -1   0   8  -1
[1]aSig-_2030    2030.00   1  -1   1   0   8  -1
[1]Sig0_2030     2030.00   0   1  -1   0   8  -1
[1]aSig0_2030    2030.00   0  -1   1   0   8  -1
[1]Sig+_2250*    2250.00   1   1  -1   0   2  -1
[1]aSig+_2250*   2250.00  -1  -1   1   0   2  -1
[1]Sig-_2250*    2250.00  -1   1  -1   0   2  -1
[1]aSig-_2250*   2250.00   1  -1   1   0   2  -1
[1]Sig0_2250*    2250.00   0   1  -1   0   2  -1
[1]aSig0_2250*   2250.00   0  -1   1   0   2  -1 %PDG 3 and 4 star states up to here
#------------------------------------
#  baryons: I=1/2, S=-+2, C=0, B'=0
#------------------------------------
[1]Xi-           1321.71  -1   1  -2   0   2  -1
[1]Xi+           1321.71   1  -1   2   0   2  -1
[1]Xi0           1314.86   0   1  -2   0   2  -1
[1]aXi0          1314.86   0  -1   2   0   2  -1
[1]Xi-_1530      1535.00  -1   1  -2   0   4  -1
[1]Xi+_1530      1535.00   1  -1   2   0   4  -1
[1]Xi0_1530      1531.80   0   1  -2   0   4  -1
[1]aXi0_1530     1531.80   0  -1   2   0   4  -1
[1]Xi+_1690*     1690.00   1  -1   2   0   2  -1
[1]Xi-_1690*     1690.00  -1   1  -2   0   2  -1
[1]Xi0_1690*     1690.00   0   1  -2   0   2  -1
[1]aXi0_1690*    1690.00   0  -1   2   0   2  -1
[1]Xi-_1820      1823.00  -1   1  -2   0   4  -1
[1]Xi+_1820      1823.00   1  -1   2   0   4  -1
[1]Xi0_1820      1823.00   0   1  -2   0   4  -1
[1]aXi0_1820     1823.00   0  -1   2   0   4  -1
[1]Xi+_1950*     1950.00   1  -1   2   0   2  -1
[1]Xi-_1950*     1950.00  -1   1  -2   0   2  -1
[1]Xi0_1950*     1950.00   0   1  -2   0   2  -1
[1]aXi0_1950*    1950.00   0  -1   2   0   2  -1 
[1]Xi-_2030      2025.00  -1   1  -2   0   6  -1
[1]Xi+_2030      2025.00   1  -1   2   0   6  -1
[1]Xi0_2030      2025.00   0   1  -2   0   6  -1
[1]aXi0_2030     2025.00   0  -1   2   0   6  -1 % PDG 3 and 4 star states up to here
#-----------------------------------
#  baryons: I=0, S=-+3, C=0, B'=0
#-----------------------------------
[1]Omg-          1672.45  -1   1  -3   0   4  -1
[1]Omg+          1672.45   1  -1   3   0   4  -1
[1]Omg-_2012-    2012.40  -1   1  -3   0   4  -1 %%% Omg_2012(***), took g=4
[1]Omg+_2012-    2012.40   1  -1   3   0   4  -1
[1]Omg-_2250*    2252.00  -1   1  -3   0   4  -1
[1]Omg+_2250*    2252.00   1  -1   3   0   4  -1  %PDG 3 and 4 star states up to here
