2001034	Delta(2950)-	2.95	0.5	16	1	0	0	0	1.5	-1	2
2001033	Delta(2950)0	2.95	0.5	16	1	0	0	0	1.5	0	3
2001032	Delta(2950)+	2.95	0.5	16	1	0	0	0	1.5	1	3
2001031	Delta(2950)++	2.95	0.5	16	1	0	0	0	1.5	2	2
-2001031	Anti-Delta(2950)++	2.95	0.5	16	-1	0	0	0	1.5	-2	2
-2001032	Anti-Delta(2950)+	2.95	0.5	16	-1	0	0	0	1.5	-1	3
-2001033	Anti-Delta(2950)0	2.95	0.5	16	-1	0	0	0	1.5	0	3
-2001034	Anti-Delta(2950)-	2.95	0.5	16	-1	0	0	0	1.5	1	2
5000073	fprime(2894)11(0)	2.894	0	11	0	0	0	0	0	0	29
5000065	fprime(2819)9(0)	2.819	0	9	0	0	0	0	0	0	29
5000074	fprime(2809)13(0)	2.809	0	13	0	0	0	0	0	0	29
5000064	etaprime(2806)9(0)	2.806	0	9	0	0	0	0	0	0	29
5000028	fprime(2782)3(0)	2.782	0	3	0	0	0	0	0	0	29
5000444	N*(2770)12(1)	2.77	0	12	1	0	0	0	0.5	1	18
5000441	N*(2770)12(0)	2.77	0	12	1	0	0	0	0.5	0	18
-5000441	Anti-N*(2770)12(0)	2.77	0	12	-1	0	0	0	0.5	0	18
-5000444	Anti-N*(2770)12(1)	2.77	0	12	-1	0	0	0	0.5	-1	18
2001030	Delta(2750)-	2.75	0.425	14	1	0	0	0	1.5	-1	2
2001029	Delta(2750)0	2.75	0.425	14	1	0	0	0	1.5	0	3
2001028	Delta(2750)+	2.75	0.425	14	1	0	0	0	1.5	1	3
2001027	Delta(2750)++	2.75	0.425	14	1	0	0	0	1.5	2	2
-2001027	Anti-Delta(2750)++	2.75	0.425	14	-1	0	0	0	1.5	-2	2
-2001028	Anti-Delta(2750)+	2.75	0.425	14	-1	0	0	0	1.5	-1	3
-2001029	Anti-Delta(2750)0	2.75	0.425	14	-1	0	0	0	1.5	0	3
-2001030	Anti-Delta(2750)-	2.75	0.425	14	-1	0	0	0	1.5	1	2
5000007	etaprime(2749)1(0)	2.749	0	1	0	0	0	0	0	0	29
5000053	omegaprime(2743)7(0)	2.743	0	7	0	0	0	0	0	0	29
5000037	fprime(2734)5(0)	2.734	0	5	0	0	0	0	0	0	29
5000027	fprime(2729)3(0)	2.729	0	3	0	0	0	0	0	0	29
5000052	omegaprime(2727)7(0)	2.727	0	7	0	0	0	0	0	0	29
5000072	fprime(2720)11(0)	2.72	0	11	0	0	0	0	0	0	29
5000026	hprime(2717)3(0)	2.717	0	3	0	0	0	0	0	0	29
5000071	fprime(2706)11(0)	2.706	0	11	0	0	0	0	0	0	29
5000443	N*(2700)12(1)	2.701	0	12	1	0	0	0	0.5	1	18
5000440	N*(2700)12(0)	2.701	0	12	1	0	0	0	0.5	0	18
-5000440	Anti-N*(2700)12(0)	2.701	0	12	-1	0	0	0	0.5	0	18
-5000443	Anti-N*(2700)12(1)	2.701	0	12	-1	0	0	0	0.5	-1	18
2000125	N(2700)0	2.7	0.436158087	14	1	0	0	0	0.5	0	3
2000124	N(2700)+	2.7	0.436121728	14	1	0	0	0	0.5	1	3
-2000124	Anti-N(2700)+	2.7	0.436121728	14	-1	0	0	0	0.5	-1	3
-2000125	Anti-N(2700)0	2.7	0.436158087	14	-1	0	0	0	0.5	0	3
5000006	fprime(2699)1(0)	2.699	0	1	0	0	0	0	0	0	29
5000442	N*(2670)12(1)	2.67	0	12	1	0	0	0	0.5	1	18
5000439	N*(2670)12(0)	2.67	0	12	1	0	0	0	0.5	0	18
-5000439	Anti-N*(2670)12(0)	2.67	0	12	-1	0	0	0	0.5	0	18
-5000442	Anti-N*(2670)12(1)	2.67	0	12	-1	0	0	0	0.5	-1	18
5000036	omegaprime(2667)5(0)	2.667	0	5	0	0	0	0	0	0	29
5000035	etaprime(2662)5(0)	2.662	0	5	0	0	0	0	0	0	29
5000063	fprime(2657)9(0)	2.657	0	9	0	0	0	0	0	0	29
5000180	K*(2656)11(1)	2.656	0	11	0	1	0	0	0.5	1	25
5000179	K*(2656)11(0)	2.656	0	11	0	1	0	0	0.5	0	25
-5000179	Anti-K*(2656)11(0)	2.656	0	11	0	-1	0	0	0.5	0	25
-5000180	Anti-K*(2656)11(1)	2.656	0	11	0	-1	0	0	0.5	-1	25
5000062	fprime(2634)9(0)	2.634	0	9	0	0	0	0	0	0	29
5000025	omegaprime(2607)3(0)	2.607	0	3	0	0	0	0	0	0	29
2000096	N(2600)0	2.6	0.65	12	1	0	0	0	0.5	0	3
2000095	N(2600)+	2.6	0.65	12	1	0	0	0	0.5	1	3
-2000095	Anti-N(2600)+	2.6	0.65	12	-1	0	0	0	0.5	-1	3
-2000096	Anti-N(2600)0	2.6	0.65	12	-1	0	0	0	0.5	0	3
5000051	fprime(2585)7(0)	2.585	0	7	0	0	0	0	0	0	31
5000050	hprime(2577)7(0)	2.577	0	7	0	0	0	0	0	0	31
5000178	K*(2575)9(1)	2.575	0	9	0	1	0	0	0.5	1	26
5000177	K*(2575)9(0)	2.575	0	9	0	1	0	0	0.5	0	30
-5000177	Anti-K*(2575)9(0)	2.575	0	9	0	-1	0	0	0.5	0	30
-5000178	Anti-K*(2575)9(1)	2.575	0	9	0	-1	0	0	0.5	-1	26
4000020	N(2570)+	2.57	0.3	6	1	0	0	0	0.5	1	1
4000019	N(2570)0	2.57	0.3	6	1	0	0	0	0.5	0	1
-4000019	Anti-N(2570)0	2.57	0.3	6	-1	0	0	0	0.5	0	1
-4000020	Anti-N(2570)+	2.57	0.3	6	-1	0	0	0	0.5	-1	1
5000070	omegaprime(2559)11(0)	2.559	0	11	0	0	0	0	0	0	32
5000034	fprime(2514)5(0)	2.514	0	5	0	0	0	0	0	0	32
2001056	Ksi(2500)0	2.5	0.1	6	1	-2	0	0	0.5	0	11
2001055	Ksi(2500)-	2.5	0.1	6	1	-2	0	0	0.5	-1	11
-2001055	Anti-Ksi(2500)-	2.5	0.1	6	-1	2	0	0	0.5	1	11
-2001056	Anti-Ksi(2500)0	2.5	0.1	6	-1	2	0	0	0.5	0	11
5000188	Omega*(2495)4(-1)	2.495	0	4	1	-3	0	0	0	-1	10
-5000188	Anti-Omega*(2495)4(-1)	2.495	0	4	-1	3	0	0	0	1	10
5000100	a(2491)3(0)	2.491	0	3	0	0	0	0	1	0	22
5000099	a(2491)3(1)	2.491	0	3	0	0	0	0	1	1	31
5000024	f(2491)3(0)	2.491	0	3	0	0	0	0	0	0	32
-5000099	Anti-a(2491)3(1)	2.491	0	3	0	0	0	0	1	-1	31
5000191	Omega*(2490)6(-1)	2.49	0	6	1	-3	0	0	0	-1	10
2001044	K4(2500)0	2.49	0.25	9	0	1	0	0	0.5	0	2
2001043	K4(2500)+	2.49	0.25	9	0	1	0	0	0.5	1	2
-2001043	Anti-K4(2500)+	2.49	0.25	9	0	-1	0	0	0.5	-1	2
-2001044	Anti-K4(2500)0	2.49	0.25	9	0	-1	0	0	0.5	0	2
-5000191	Anti-Omega*(2490)6(-1)	2.49	0	6	-1	3	0	0	0	1	10
5000061	omegaprime(2481)9(0)	2.481	0	9	0	0	0	0	0	0	32
4000018	Omega(2470)	2.474	0.072	2	1	-3	0	0	0	-1	2
-4000018	Anti-Omega(2470)	2.474	0.072	2	-1	3	0	0	0	1	2
5000069	f(2472)11(0)	2.473	0	11	0	0	0	0	0	0	32
5000144	a(2472)11(0)	2.472	0	11	0	0	0	0	1	0	22
5000143	a(2472)11(1)	2.472	0	11	0	0	0	0	1	1	31
5000023	omegaprime(2472)3(0)	2.472	0	3	0	0	0	0	0	0	32
-5000143	Anti-a(2472)11(1)	2.472	0	11	0	0	0	0	1	-1	31
5000060	fprime(2469)9(0)	2.47	0	9	0	0	0	0	0	0	32
4000017	f6(2510)	2.469	0.283	13	0	0	0	0	0	0	3
2001002	a6(2450)0	2.45	0.4	13	0	0	0	0	1	0	3
2001001	a6(2450)+	2.45	0.4	13	0	0	0	0	1	1	2
-2001001	Anti-a6(2450)+	2.45	0.4	13	0	0	0	0	1	-1	2
5000187	Omega*(2440)4(-1)	2.44	0	4	1	-3	0	0	0	-1	10
-5000187	Anti-Omega*(2440)4(-1)	2.44	0	4	-1	3	0	0	0	1	10
5000005	etaprime(2439)1(0)	2.439	0	1	0	0	0	0	0	0	32
2000099	Delta(2420)0	2.42	0.4	12	1	0	0	0	1.5	0	3
2000098	Delta(2420)+	2.42	0.4	12	1	0	0	0	1.5	1	3
2000097	Delta(2420)++	2.42	0.4	12	1	0	0	0	1.5	2	2
910	Delta(2420)-	2.42	0.4	12	1	0	0	0	1.5	-1	2
-910	Anti-Delta(2420)-	2.42	0.4	12	-1	0	0	0	1.5	1	2
-2000097	Anti-Delta(2420)++	2.42	0.4	12	-1	0	0	0	1.5	-2	2
-2000098	Anti-Delta(2420)+	2.42	0.4	12	-1	0	0	0	1.5	-1	3
-2000099	Anti-Delta(2420)0	2.42	0.4	12	-1	0	0	0	1.5	0	3
5000033	fprime(2412)5(0)	2.412	0	5	0	0	0	0	0	0	32
5000049	omegaprime(2403)7(0)	2.404	0	7	0	0	0	0	0	0	32
5000022	fprime(2403)3(0)	2.403	0	3	0	0	0	0	0	0	32
2001026	Delta(2400)-	2.4	0.6	10	1	0	0	0	1.5	-1	2
2001025	Delta(2400)0	2.4	0.6	10	1	0	0	0	1.5	0	3
2001024	Delta(2400)+	2.4	0.6	10	1	0	0	0	1.5	1	3
2001023	Delta(2400)++	2.4	0.6	10	1	0	0	0	1.5	2	2
-2001023	Anti-Delta(2400)++	2.4	0.6	10	-1	0	0	0	1.5	-2	2
-2001024	Anti-Delta(2400)+	2.4	0.6	10	-1	0	0	0	1.5	-1	3
-2001025	Anti-Delta(2400)0	2.4	0.6	10	-1	0	0	0	1.5	0	3
-2001026	Anti-Delta(2400)-	2.4	0.6	10	-1	0	0	0	1.5	1	2
5000021	hprime(2395)3(0)	2.395	0	3	0	0	0	0	0	0	32
2232	Delta(2390)-	2.39	0.3	8	1	0	0	0	1.5	-1	2
2231	Delta(2390)+	2.39	0.3	8	1	0	0	0	1.5	1	3
2230	Delta(2390)++	2.39	0.3	8	1	0	0	0	1.5	2	2
2229	Delta(2390)0	2.39	0.3	8	1	0	0	0	1.5	0	3
-2229	Anti-Delta(2390)0	2.39	0.3	8	-1	0	0	0	1.5	0	3
-2230	Anti-Delta(2390)++	2.39	0.3	8	-1	0	0	0	1.5	-2	2
-2231	Anti-Delta(2390)+	2.39	0.3	8	-1	0	0	0	1.5	-1	3
-2232	Anti-Delta(2390)-	2.39	0.3	8	-1	0	0	0	1.5	1	2
5000250	Xsi*(2385)4(0)	2.385	0	4	1	-2	0	0	0.5	0	18
5000236	Xsi*(2385)4(-1)	2.385	0	4	1	-2	0	0	0.5	-1	18
5000084	pion*(2385)1(0)	2.385	0	1	0	0	0	0	1	0	22
5000083	pion*(2385)1(1)	2.385	0	1	0	0	0	0	1	1	31
5000004	eta(2385)1(0)	2.385	0	1	0	0	0	0	0	0	32
-5000083	Anti-pion*(2385)1(1)	2.385	0	1	0	0	0	0	1	-1	31
-5000236	Anti-Xsi*(2385)4(-1)	2.385	0	4	-1	2	0	0	0.5	1	18
-5000250	Anti-Xsi*(2385)4(0)	2.385	0	4	-1	2	0	0	0.5	0	18
2001046	K5*(2380)0	2.382	0.178	11	0	1	0	0	0.5	0	3
2001045	K5*(2380)+	2.382	0.178	11	0	1	0	0	0.5	1	3
-2001045	Anti-K5*(2380)+	2.382	0.178	11	0	-1	0	0	0.5	-1	3
-2001046	Anti-K5*(2380)0	2.382	0.178	11	0	-1	0	0	0.5	0	3
5000222	Xsi*(2380)2(0)	2.38	0	2	1	-2	0	0	0.5	0	18
5000207	Xsi*(2380)2(-1)	2.38	0	2	1	-2	0	0	0.5	-1	18
4000016	Omega(2380)	2.38	0.026	2	1	-3	0	0	0	-1	9
-4000016	Anti-Omega(2380)	2.38	0.026	2	-1	3	0	0	0	1	9
-5000207	Anti-Xsi*(2380)2(-1)	2.38	0	2	-1	2	0	0	0.5	1	18
-5000222	Anti-Xsi*(2380)2(0)	2.38	0	2	-1	2	0	0	0.5	0	18
5000138	a(2375)9(0)	2.375	0	9	0	0	0	0	1	0	22
5000137	a(2375)9(1)	2.375	0	9	0	0	0	0	1	1	31
5000059	f(2375)9(0)	2.375	0	9	0	0	0	0	0	0	32
-5000137	Anti-a(2375)9(1)	2.375	0	9	0	0	0	0	1	-1	31
2001054	Ksi(2370)0	2.37	0.08	6	1	-2	0	0	0.5	0	8
2001053	Ksi(2370)-	2.37	0.08	6	1	-2	0	0	0.5	-1	8
-2001053	Anti-Ksi(2370)-	2.37	0.08	6	-1	2	0	0	0.5	1	8
-2001054	Anti-Ksi(2370)0	2.37	0.08	6	-1	2	0	0	0.5	0	8
5000142	a(2359)11(0)	2.359	0	11	0	0	0	0	1	0	22
5000141	a(2359)11(1)	2.359	0	11	0	0	0	0	1	1	31
5000068	f(2359)11(0)	2.359	0	11	0	0	0	0	0	0	32
-5000141	Anti-a(2359)11(1)	2.359	0	11	0	0	0	0	1	-1	31
5000438	N*(2355)8(1)	2.355	0	8	1	0	0	0	0.5	1	21
5000434	N*(2355)8(0)	2.355	0	8	1	0	0	0	0.5	0	21
5000264	Xsi*(2355)8(0)	2.355	0	8	1	-2	0	0	0.5	0	18
5000261	Xsi*(2355)8(-1)	2.355	0	8	1	-2	0	0	0.5	-1	18
-5000261	Anti-Xsi*(2355)8(-1)	2.355	0	8	-1	2	0	0	0.5	1	18
-5000264	Anti-Xsi*(2355)8(0)	2.355	0	8	-1	2	0	0	0.5	0	18
-5000434	Anti-N*(2355)8(0)	2.355	0	8	-1	0	0	0	0.5	0	21
-5000438	Anti-N*(2355)8(1)	2.355	0	8	-1	0	0	0	0.5	-1	21
5000258	Xsi*(2350)6(0)	2.35	0	6	1	-2	0	0	0.5	0	18
5000254	Xsi*(2350)6(-1)	2.35	0	6	1	-2	0	0	0.5	-1	18
2236	Delta(2350)-	2.35	0.35	6	1	0	0	0	1.5	-1	2
2235	Delta(2350)+	2.35	0.35	6	1	0	0	0	1.5	1	3
2234	Delta(2350)++	2.35	0.35	6	1	0	0	0	1.5	2	2
2233	Delta(2350)0	2.35	0.35	6	1	0	0	0	1.5	0	3
911	Lambda(2350)	2.35	0.15	10	1	-1	0	0	0	0	6
-911	Anti-Lambda(2350)	2.35	0.15	10	-1	1	0	0	0	0	6
-2233	Anti-Delta(2350)0	2.35	0.35	6	-1	0	0	0	1.5	0	3
-2234	Anti-Delta(2350)++	2.35	0.35	6	-1	0	0	0	1.5	-2	2
-2235	Anti-Delta(2350)+	2.35	0.35	6	-1	0	0	0	1.5	-1	3
-2236	Anti-Delta(2350)-	2.35	0.35	6	-1	0	0	0	1.5	1	2
-5000254	Anti-Xsi*(2350)6(-1)	2.35	0	6	-1	2	0	0	0.5	1	18
-5000258	Anti-Xsi*(2350)6(0)	2.35	0	6	-1	2	0	0	0.5	0	18
5000257	Xsi*(2345)6(0)	2.346	0	6	1	-2	0	0	0.5	0	18
5000253	Xsi*(2345)6(-1)	2.346	0	6	1	-2	0	0	0.5	-1	18
5000190	Omega*(2345)6(-1)	2.346	0	6	1	-3	0	0	0	-1	10
-5000190	Anti-Omega*(2345)6(-1)	2.346	0	6	-1	3	0	0	0	1	10
-5000253	Anti-Xsi*(2345)6(-1)	2.346	0	6	-1	2	0	0	0.5	1	18
-5000257	Anti-Xsi*(2345)6(0)	2.346	0	6	-1	2	0	0	0.5	0	18
9090225	f2(2340)	2.345	0.322	5	0	0	0	0	0	0	3
5000221	Xsi*(2345)2(0)	2.345	0	2	1	-2	0	0	0.5	0	18
5000206	Xsi*(2345)2(-1)	2.345	0	2	1	-2	0	0	0.5	-1	18
5000186	Omega*(2345)4(-1)	2.345	0	4	1	-3	0	0	0	-1	10
-5000186	Anti-Omega*(2345)4(-1)	2.345	0	4	-1	3	0	0	0	1	10
-5000206	Anti-Xsi*(2345)2(-1)	2.345	0	2	-1	2	0	0	0.5	1	18
-5000221	Anti-Xsi*(2345)2(0)	2.345	0	2	-1	2	0	0	0.5	0	18
5000136	pion*(2344)9(0)	2.344	0	9	0	0	0	0	1	0	22
5000135	pion*(2344)9(1)	2.344	0	9	0	0	0	0	1	1	31
5000058	eta(2344)9(0)	2.344	0	9	0	0	0	0	0	0	32
-5000135	Anti-pion*(2344)9(1)	2.344	0	9	0	0	0	0	1	-1	31
5000249	Xsi*(2340)4(0)	2.34	0	4	1	-2	0	0	0.5	0	18
5000235	Xsi*(2340)4(-1)	2.34	0	4	1	-2	0	0	0.5	-1	18
-5000235	Anti-Xsi*(2340)4(-1)	2.34	0	4	-1	2	0	0	0.5	1	18
-5000249	Anti-Xsi*(2340)4(0)	2.34	0	4	-1	2	0	0	0.5	0	18
5000048	fprime(2338)7(0)	2.338	0	7	0	0	0	0	0	0	32
5000248	Xsi*(2330)4(0)	2.33	0	4	1	-2	0	0	0.5	0	18
5000234	Xsi*(2330)4(-1)	2.33	0	4	1	-2	0	0	0.5	-1	18
4000015	rho5(2350)+	2.33	0.4	11	0	0	0	0	1	1	1
4000014	rho5(2350)0	2.33	0.4	11	0	0	0	0	1	0	1
2000072	f0(2330)	2.33	0.44	1	0	0	0	0	0	0	1
-4000015	Anti-rho5(2350)+	2.33	0.4	11	0	0	0	0	1	-1	1
-5000234	Anti-Xsi*(2330)4(-1)	2.33	0	4	-1	2	0	0	0.5	1	18
-5000248	Anti-Xsi*(2330)4(0)	2.33	0	4	-1	2	0	0	0.5	0	18
5000140	a(2328)11(0)	2.328	0	11	0	0	0	0	1	0	22
5000139	a(2328)11(1)	2.328	0	11	0	0	0	0	1	1	31
5000067	f(2328)11(0)	2.328	0	11	0	0	0	0	0	0	32
-5000139	Anti-a(2328)11(1)	2.328	0	11	0	0	0	0	1	-1	31
1145	Lambda(2325)	2.325	0.208988077	4	1	-1	0	0	0	0	4
-1145	Anti-Lambda(2325)	2.325	0.208988077	4	-1	1	0	0	0	0	4
2001042	K3(2320)0	2.324	0.15	7	0	1	0	0	0.5	0	2
2001041	K3(2320)+	2.324	0.15	7	0	1	0	0	0.5	1	2
-2001041	Anti-K3(2320)+	2.324	0.15	7	0	-1	0	0	0.5	-1	2
-2001042	Anti-K3(2320)0	2.324	0.15	7	0	-1	0	0	0.5	0	2
5000032	etaprime(2321)5(0)	2.321	0	5	0	0	0	0	0	0	32
5000220	Xsi*(2320)2(0)	2.32	0	2	1	-2	0	0	0.5	0	18
5000205	Xsi*(2320)2(-1)	2.32	0	2	1	-2	0	0	0.5	-1	18
-5000205	Anti-Xsi*(2320)2(-1)	2.32	0	2	-1	2	0	0	0.5	1	18
-5000220	Anti-Xsi*(2320)2(0)	2.32	0	2	-1	2	0	0	0.5	0	18
5000126	rho(2309)7(0)	2.309	0	7	0	0	0	0	1	0	22
5000125	rho(2309)7(1)	2.309	0	7	0	0	0	0	1	1	31
5000047	omega(2309)7(0)	2.309	0	7	0	0	0	0	0	0	32
-5000125	Anti-rho(2309)7(1)	2.309	0	7	0	0	0	0	1	-1	31
5000437	N*(2305)8(1)	2.305	0	8	1	0	0	0	0.5	1	21
5000433	N*(2305)8(0)	2.305	0	8	1	0	0	0	0.5	0	23
5000247	Xsi*(2305)4(0)	2.305	0	4	1	-2	0	0	0.5	0	18
5000233	Xsi*(2305)4(-1)	2.305	0	4	1	-2	0	0	0.5	-1	18
-5000233	Anti-Xsi*(2305)4(-1)	2.305	0	4	-1	2	0	0	0.5	1	18
-5000247	Anti-Xsi*(2305)4(0)	2.305	0	4	-1	2	0	0	0.5	0	18
-5000433	Anti-N*(2305)8(0)	2.305	0	8	-1	0	0	0	0.5	0	23
-5000437	Anti-N*(2305)8(1)	2.305	0	8	-1	0	0	0	0.5	-1	21
5000219	Xsi*(2300)2(0)	2.3	0	2	1	-2	0	0	0.5	0	18
5000204	Xsi*(2300)2(-1)	2.3	0	2	1	-2	0	0	0.5	-1	18
4000013	N(2300)+	2.3	0.3	2	1	0	0	0	0.5	1	1
4000012	N(2300)0	2.3	0.3	2	1	0	0	0	0.5	0	1
2001076	f4(2300)	2.3	0.25	9	0	0	0	0	0	0	12
2001014	Delta(2300)-	2.3	0.3	10	1	0	0	0	1.5	-1	2
2001013	Delta(2300)0	2.3	0.3	10	1	0	0	0	1.5	0	3
2001012	Delta(2300)+	2.3	0.3	10	1	0	0	0	1.5	1	3
2001011	Delta(2300)++	2.3	0.3	10	1	0	0	0	1.5	2	2
-2001011	Anti-Delta(2300)++	2.3	0.3	10	-1	0	0	0	1.5	-2	2
-2001012	Anti-Delta(2300)+	2.3	0.3	10	-1	0	0	0	1.5	-1	3
-2001013	Anti-Delta(2300)0	2.3	0.3	10	-1	0	0	0	1.5	0	3
-2001014	Anti-Delta(2300)-	2.3	0.3	10	-1	0	0	0	1.5	1	2
-4000012	Anti-N(2300)0	2.3	0.3	2	-1	0	0	0	0.5	0	1
-4000013	Anti-N(2300)+	2.3	0.3	2	-1	0	0	0	0.5	-1	1
-5000204	Anti-Xsi*(2300)2(-1)	2.3	0	2	-1	2	0	0	0.5	1	18
-5000219	Anti-Xsi*(2300)2(0)	2.3	0	2	-1	2	0	0	0.5	0	18
9060225	f2(2300)	2.297	0.149	5	0	0	0	0	0	0	4
5000114	a(2297)5(0)	2.297	0	5	0	0	0	0	1	0	22
5000113	a(2297)5(1)	2.297	0	5	0	0	0	0	1	1	31
-5000113	Anti-a(2297)5(1)	2.297	0	5	0	0	0	0	1	-1	31
5000359	Lambda*(2295)6(0)	2.295	0	6	1	-1	0	0	0	0	15
5000192	Omega*(2295)8(-1)	2.295	0	8	1	-3	0	0	0	-1	10
-5000192	Anti-Omega*(2295)8(-1)	2.295	0	8	-1	3	0	0	0	1	10
-5000359	Anti-Lambda*(2295)6(0)	2.295	0	6	-1	1	0	0	0	0	15
5000352	Sigma*(2290)4(1)	2.29	0	4	1	-1	0	0	1	1	12
5000340	Sigma*(2290)4(0)	2.29	0	4	1	-1	0	0	1	0	16
5000328	Sigma*(2290)4(-1)	2.29	0	4	1	-1	0	0	1	-1	12
-5000328	Anti-Sigma*(2290)4(-1)	2.29	0	4	-1	1	0	0	1	1	12
-5000340	Anti-Sigma*(2290)4(0)	2.29	0	4	-1	1	0	0	1	0	16
-5000352	Anti-Sigma*(2290)4(1)	2.29	0	4	-1	1	0	0	1	-1	12
5000098	a(2286)3(0)	2.286	0	3	0	0	0	0	1	0	22
5000097	a(2286)3(1)	2.286	0	3	0	0	0	0	1	1	31
5000020	f(2286)3(0)	2.286	0	3	0	0	0	0	0	0	32
-5000097	Anti-a(2286)3(1)	2.286	0	3	0	0	0	0	1	-1	31
5000218	Xsi*(2285)2(0)	2.285	0	2	1	-2	0	0	0.5	0	18
5000203	Xsi*(2285)2(-1)	2.285	0	2	1	-2	0	0	0.5	-1	18
5000176	K*(2285)9(1)	2.285	0	9	0	1	0	0	0.5	1	33
5000175	K*(2285)9(0)	2.285	0	9	0	1	0	0	0.5	0	31
-5000175	Anti-K*(2285)9(0)	2.285	0	9	0	-1	0	0	0.5	0	31
-5000176	Anti-K*(2285)9(1)	2.285	0	9	0	-1	0	0	0.5	-1	33
-5000203	Anti-Xsi*(2285)2(-1)	2.285	0	2	-1	2	0	0	0.5	1	18
-5000218	Anti-Xsi*(2285)2(0)	2.285	0	2	-1	2	0	0	0.5	0	18
5000134	a(2284)9(0)	2.284	0	9	0	0	0	0	1	0	22
5000133	a(2284)9(1)	2.284	0	9	0	0	0	0	1	1	31
5000057	f(2284)9(0)	2.284	0	9	0	0	0	0	0	0	32
-5000133	Anti-a(2284)9(1)	2.284	0	9	0	0	0	0	1	-1	31
5000377	Sigma*(2280)6(1)	2.28	0	6	1	-1	0	0	1	1	12
5000371	Sigma*(2280)6(0)	2.28	0	6	1	-1	0	0	1	0	16
5000365	Sigma*(2280)6(-1)	2.28	0	6	1	-1	0	0	1	-1	12
5000276	Lambda*(2280)2(0)	2.28	0	2	1	-1	0	0	0	0	15
5000189	Omega*(2280)6(-1)	2.28	0	6	1	-3	0	0	0	-1	10
-5000189	Anti-Omega*(2280)6(-1)	2.28	0	6	-1	3	0	0	0	1	10
-5000276	Anti-Lambda*(2280)2(0)	2.28	0	2	-1	1	0	0	0	0	15
-5000365	Anti-Sigma*(2280)6(-1)	2.28	0	6	-1	1	0	0	1	1	12
-5000371	Anti-Sigma*(2280)6(0)	2.28	0	6	-1	1	0	0	1	0	16
-5000377	Anti-Sigma*(2280)6(1)	2.28	0	6	-1	1	0	0	1	-1	12
5000306	Sigma*(2275)2(1)	2.275	0	2	1	-1	0	0	1	1	12
5000296	Sigma*(2275)2(0)	2.275	0	2	1	-1	0	0	1	0	17
5000286	Sigma*(2275)2(-1)	2.275	0	2	1	-1	0	0	1	-1	12
5000246	Xsi*(2275)4(0)	2.275	0	4	1	-2	0	0	0.5	0	18
5000232	Xsi*(2275)4(-1)	2.275	0	4	1	-2	0	0	0.5	-1	18
2000094	N(2250)0	2.275	0.5	10	1	0	0	0	0.5	0	3
2000093	N(2250)+	2.275	0.5	10	1	0	0	0	0.5	1	3
-2000093	Anti-N(2250)+	2.275	0.5	10	-1	0	0	0	0.5	-1	3
-2000094	Anti-N(2250)0	2.275	0.5	10	-1	0	0	0	0.5	0	3
-5000232	Anti-Xsi*(2275)4(-1)	2.275	0	4	-1	2	0	0	0.5	1	18
-5000246	Anti-Xsi*(2275)4(0)	2.275	0	4	-1	2	0	0	0.5	0	18
-5000286	Anti-Sigma*(2275)2(-1)	2.275	0	2	-1	1	0	0	1	1	12
-5000296	Anti-Sigma*(2275)2(0)	2.275	0	2	-1	1	0	0	1	0	17
-5000306	Anti-Sigma*(2275)2(1)	2.275	0	2	-1	1	0	0	1	-1	12
5000376	Sigma*(2270)6(1)	2.27	0	6	1	-1	0	0	1	1	12
5000370	Sigma*(2270)6(0)	2.27	0	6	1	-1	0	0	1	0	17
5000364	Sigma*(2270)6(-1)	2.27	0	6	1	-1	0	0	1	-1	12
5000275	Lambda*(2270)2(0)	2.27	0	2	1	-1	0	0	0	0	15
-5000275	Anti-Lambda*(2270)2(0)	2.27	0	2	-1	1	0	0	0	0	15
-5000364	Anti-Sigma*(2270)6(-1)	2.27	0	6	-1	1	0	0	1	1	12
-5000370	Anti-Sigma*(2270)6(0)	2.27	0	6	-1	1	0	0	1	0	17
-5000376	Anti-Sigma*(2270)6(1)	2.27	0	6	-1	1	0	0	1	-1	12
5000046	omega(2267)7(0)	2.267	0	7	0	0	0	0	0	0	32
5000351	Sigma*(2265)4(1)	2.265	0	4	1	-1	0	0	1	1	12
5000339	Sigma*(2265)4(0)	2.265	0	4	1	-1	0	0	1	0	17
5000327	Sigma*(2265)4(-1)	2.265	0	4	1	-1	0	0	1	-1	12
5000066	omega(2264)11(0)	2.265	0	11	0	0	0	0	0	0	32
-5000327	Anti-Sigma*(2265)4(-1)	2.265	0	4	-1	1	0	0	1	1	12
-5000339	Anti-Sigma*(2265)4(0)	2.265	0	4	-1	1	0	0	1	0	17
-5000351	Anti-Sigma*(2265)4(1)	2.265	0	4	-1	1	0	0	1	-1	12
5000096	b(2264)3(0)	2.264	0	3	0	0	0	0	1	0	22
5000095	b(2264)3(1)	2.264	0	3	0	0	0	0	1	1	31
5000019	h(2264)3(0)	2.264	0	3	0	0	0	0	0	0	32
-5000095	Anti-b(2264)3(1)	2.264	0	3	0	0	0	0	1	-1	31
5000305	Sigma*(2260)2(1)	2.26	0	2	1	-1	0	0	1	1	12
5000295	Sigma*(2260)2(0)	2.26	0	2	1	-1	0	0	1	0	17
5000285	Sigma*(2260)2(-1)	2.26	0	2	1	-1	0	0	1	-1	12
-5000285	Anti-Sigma*(2260)2(-1)	2.26	0	2	-1	1	0	0	1	1	12
-5000295	Anti-Sigma*(2260)2(0)	2.26	0	2	-1	1	0	0	1	0	17
-5000305	Anti-Sigma*(2260)2(1)	2.26	0	2	-1	1	0	0	1	-1	12
5000018	omegaprime(2258)3(0)	2.258	0	3	0	0	0	0	0	0	33
5000436	N*(2255)8(1)	2.255	0	8	1	0	0	0	0.5	1	24
5000432	N*(2255)8(0)	2.255	0	8	1	0	0	0	0.5	0	24
5000183	Omega*(2255)2(-1)	2.255	0	2	1	-3	0	0	0	-1	10
5000174	K*(2255)9(1)	2.255	0	9	0	1	0	0	0.5	1	33
5000173	K*(2255)9(0)	2.255	0	9	0	1	0	0	0.5	0	31
-5000173	Anti-K*(2255)9(0)	2.255	0	9	0	-1	0	0	0.5	0	31
-5000174	Anti-K*(2255)9(1)	2.255	0	9	0	-1	0	0	0.5	-1	33
-5000183	Anti-Omega*(2255)2(-1)	2.255	0	2	-1	3	0	0	0	1	10
-5000432	Anti-N*(2255)8(0)	2.255	0	8	-1	0	0	0	0.5	0	24
-5000436	Anti-N*(2255)8(1)	2.255	0	8	-1	0	0	0	0.5	-1	24
13334	Omega(2250)	2.252	0.055	4	1	-3	0	0	1	-1	2
-13334	Anti-Omega(2250)	2.252	0.055	4	-1	3	0	0	1	1	2
5000082	a(2250)1(0)	2.251	0	1	0	0	0	0	1	0	22
5000081	a(2250)1(1)	2.251	0	1	0	0	0	0	1	1	31
-5000081	Anti-a(2250)1(1)	2.251	0	1	0	0	0	0	1	-1	31
4000011	Sigma(2250)-	2.25	0.1	6	1	-1	0	0	1	-1	5
4000010	Sigma(2250)0	2.25	0.1	6	1	-1	0	0	1	0	7
4000009	Sigma(2250)+	2.25	0.1	6	1	-1	0	0	1	1	5
2001052	Ksi(2250)0	2.25	0.07	6	1	-2	0	0	0.5	0	11
2001051	Ksi(2250)-	2.25	0.07	6	1	-2	0	0	0.5	-1	11
2000092	N(2220)0	2.25	0.4	10	1	0	0	0	0.5	0	3
2000091	N(2220)+	2.25	0.4	10	1	0	0	0	0.5	1	3
2000070	rho3(2250)0	2.25	0.188	7	0	0	0	0	1	0	1
2000069	rho3(2250)+	2.25	0.188	7	0	0	0	0	1	1	1
-2000069	Anti-rho3(2250)+	2.25	0.188	7	0	0	0	0	1	-1	1
-2000091	Anti-N(2220)+	2.25	0.4	10	-1	0	0	0	0.5	-1	3
-2000092	Anti-N(2220)0	2.25	0.4	10	-1	0	0	0	0.5	0	3
-2001051	Anti-Ksi(2250)-	2.25	0.07	6	-1	2	0	0	0.5	1	11
-2001052	Anti-Ksi(2250)0	2.25	0.07	6	-1	2	0	0	0.5	0	11
-4000009	Anti-Sigma(2250)+	2.25	0.1	6	-1	1	0	0	1	-1	5
-4000010	Anti-Sigma(2250)0	2.25	0.1	6	-1	1	0	0	1	0	7
-4000011	Anti-Sigma(2250)-	2.25	0.1	6	-1	1	0	0	1	1	5
2001040	K2(2250)0	2.247	0.18	5	0	1	0	0	0.5	0	7
2001039	K2(2250)+	2.247	0.18	5	0	1	0	0	0.5	1	7
-2001039	Anti-K2(2250)+	2.247	0.18	5	0	-1	0	0	0.5	-1	7
-2001040	Anti-K2(2250)0	2.247	0.18	5	0	-1	0	0	0.5	0	7
5000382	Sigma*(2245)8(1)	2.245	0	8	1	-1	0	0	1	1	12
5000381	Sigma*(2245)8(0)	2.245	0	8	1	-1	0	0	1	0	17
5000380	Sigma*(2245)8(-1)	2.245	0	8	1	-1	0	0	1	-1	12
-5000380	Anti-Sigma*(2245)8(-1)	2.245	0	8	-1	1	0	0	1	1	12
-5000381	Anti-Sigma*(2245)8(0)	2.245	0	8	-1	1	0	0	1	0	17
-5000382	Anti-Sigma*(2245)8(1)	2.245	0	8	-1	1	0	0	1	-1	12
5000263	Xsi*(2240)8(0)	2.241	0	8	1	-2	0	0	0.5	0	18
5000260	Xsi*(2240)8(-1)	2.241	0	8	1	-2	0	0	0.5	-1	18
5000112	rho(2241)5(0)	2.241	0	5	0	0	0	0	1	0	22
5000111	rho(2241)5(1)	2.241	0	5	0	0	0	0	1	1	31
5000031	omega(2241)5(0)	2.241	0	5	0	0	0	0	0	0	35
-5000111	Anti-rho(2241)5(1)	2.241	0	5	0	0	0	0	1	-1	31
-5000260	Anti-Xsi*(2240)8(-1)	2.241	0	8	-1	2	0	0	0.5	1	18
-5000263	Anti-Xsi*(2240)8(0)	2.241	0	8	-1	2	0	0	0.5	0	18
5000358	Lambda*(2240)6(0)	2.24	0	6	1	-1	0	0	0	0	15
5000304	Sigma*(2240)2(1)	2.24	0	2	1	-1	0	0	1	1	12
5000294	Sigma*(2240)2(0)	2.24	0	2	1	-1	0	0	1	0	17
5000284	Sigma*(2240)2(-1)	2.24	0	2	1	-1	0	0	1	-1	12
5000245	Xsi*(2240)4(0)	2.24	0	4	1	-2	0	0	0.5	0	18
5000231	Xsi*(2240)4(-1)	2.24	0	4	1	-2	0	0	0.5	-1	18
-5000231	Anti-Xsi*(2240)4(-1)	2.24	0	4	-1	2	0	0	0.5	1	18
-5000245	Anti-Xsi*(2240)4(0)	2.24	0	4	-1	2	0	0	0.5	0	18
-5000284	Anti-Sigma*(2240)2(-1)	2.24	0	2	-1	1	0	0	1	1	12
-5000294	Anti-Sigma*(2240)2(0)	2.24	0	2	-1	1	0	0	1	0	17
-5000304	Anti-Sigma*(2240)2(1)	2.24	0	2	-1	1	0	0	1	-1	12
-5000358	Anti-Lambda*(2240)6(0)	2.24	0	6	-1	1	0	0	0	0	15
5000274	Lambda*(2235)2(0)	2.235	0	2	1	-1	0	0	0	0	15
-5000274	Anti-Lambda*(2235)2(0)	2.235	0	2	-1	1	0	0	0	0	15
5000132	a(2234)9(0)	2.234	0	9	0	0	0	0	1	0	22
5000131	a(2234)9(1)	2.234	0	9	0	0	0	0	1	1	31
5000056	f(2234)9(0)	2.234	0	9	0	0	0	0	0	0	35
-5000131	Anti-a(2234)9(1)	2.234	0	9	0	0	0	0	1	-1	31
5000256	Xsi*(2230)6(0)	2.233	0	6	1	-2	0	0	0.5	0	18
-5000256	Anti-Xsi*(2230)6(0)	2.233	0	6	-1	2	0	0	0.5	0	18
5000252	Xsi*(2230)6(-1)	2.232	0	6	1	-2	0	0	0.5	-1	18
-5000252	Anti-Xsi*(2230)6(-1)	2.232	0	6	-1	2	0	0	0.5	1	18
5000379	Lambda*(2230)8(0)	2.231	0	8	1	-1	0	0	0	0	15
5000244	Xsi*(2230)4(0)	2.231	0	4	1	-2	0	0	0.5	0	18
5000230	Xsi*(2230)4(-1)	2.231	0	4	1	-2	0	0	0.5	-1	18
4000008	f2(2220)	2.231	0.023	5	0	0	0	0	0	0	5
-5000230	Anti-Xsi*(2230)4(-1)	2.231	0	4	-1	2	0	0	0.5	1	18
-5000244	Anti-Xsi*(2230)4(0)	2.231	0	4	-1	2	0	0	0.5	0	18
-5000379	Anti-Lambda*(2230)8(0)	2.231	0	8	-1	1	0	0	0	0	15
5000316	Lambda*(2230)4(0)	2.23	0	4	1	-1	0	0	0	0	15
5000217	Xsi*(2230)2(0)	2.23	0	2	1	-2	0	0	0.5	0	18
5000202	Xsi*(2230)2(-1)	2.23	0	2	1	-2	0	0	0.5	-1	18
-5000202	Anti-Xsi*(2230)2(-1)	2.23	0	2	-1	2	0	0	0.5	1	18
-5000217	Anti-Xsi*(2230)2(0)	2.23	0	2	-1	2	0	0	0.5	0	18
-5000316	Anti-Lambda*(2230)4(0)	2.23	0	4	-1	1	0	0	0	0	15
5000357	Lambda*(2225)6(0)	2.225	0	6	1	-1	0	0	0	0	15
5000216	Xsi*(2225)2(0)	2.225	0	2	1	-2	0	0	0.5	0	18
5000201	Xsi*(2225)2(-1)	2.225	0	2	1	-2	0	0	0.5	-1	18
2000068	eta(2225)	2.225	0.096	1	0	0	0	0	0	0	1
-5000201	Anti-Xsi*(2225)2(-1)	2.225	0	2	-1	2	0	0	0.5	1	18
-5000216	Anti-Xsi*(2225)2(0)	2.225	0	2	-1	2	0	0	0.5	0	18
-5000357	Anti-Lambda*(2225)6(0)	2.225	0	6	-1	1	0	0	0	0	15
5000182	Omega*(2220)2(-1)	2.22	0	2	1	-3	0	0	0	-1	10
-5000182	Anti-Omega*(2220)2(-1)	2.22	0	2	-1	3	0	0	0	1	10
5000350	Sigma*(2215)4(1)	2.215	0	4	1	-1	0	0	1	1	12
5000338	Sigma*(2215)4(0)	2.215	0	4	1	-1	0	0	1	0	17
5000326	Sigma*(2215)4(-1)	2.215	0	4	1	-1	0	0	1	-1	12
5000045	fprime(2215)7(0)	2.215	0	7	0	0	0	0	0	0	35
-5000326	Anti-Sigma*(2215)4(-1)	2.215	0	4	-1	1	0	0	1	1	12
-5000338	Anti-Sigma*(2215)4(0)	2.215	0	4	-1	1	0	0	1	0	17
-5000350	Anti-Sigma*(2215)4(1)	2.215	0	4	-1	1	0	0	1	-1	12
5000243	Xsi*(2210)4(0)	2.21	0	4	1	-2	0	0	0.5	0	18
5000229	Xsi*(2210)4(-1)	2.21	0	4	1	-2	0	0	0.5	-1	18
-5000229	Anti-Xsi*(2210)4(-1)	2.21	0	4	-1	2	0	0	0.5	1	18
-5000243	Anti-Xsi*(2210)4(0)	2.21	0	4	-1	2	0	0	0.5	0	18
5000044	hprime(2209)7(0)	2.209	0	7	0	0	0	0	0	0	35
5000172	K*(2207)7(1)	2.207	0	7	0	1	0	0	0.5	1	33
5000171	K*(2207)7(0)	2.207	0	7	0	1	0	0	0.5	0	31
-5000171	Anti-K*(2207)7(0)	2.207	0	7	0	-1	0	0	0.5	0	31
-5000172	Anti-K*(2207)7(1)	2.207	0	7	0	-1	0	0	0.5	-1	33
5000375	Sigma*(2205)6(1)	2.206	0	6	1	-1	0	0	1	1	12
5000369	Sigma*(2205)6(0)	2.206	0	6	1	-1	0	0	1	0	17
5000363	Sigma*(2205)6(-1)	2.206	0	6	1	-1	0	0	1	-1	12
-5000363	Anti-Sigma*(2205)6(-1)	2.206	0	6	-1	1	0	0	1	1	12
-5000369	Anti-Sigma*(2205)6(0)	2.206	0	6	-1	1	0	0	1	0	17
-5000375	Anti-Sigma*(2205)6(1)	2.206	0	6	-1	1	0	0	1	-1	12
5000303	Sigma*(2205)2(1)	2.205	0	2	1	-1	0	0	1	1	12
5000293	Sigma*(2205)2(0)	2.205	0	2	1	-1	0	0	1	0	17
5000283	Sigma*(2205)2(-1)	2.205	0	2	1	-1	0	0	1	-1	12
-5000283	Anti-Sigma*(2205)2(-1)	2.205	0	2	-1	1	0	0	1	1	12
-5000293	Anti-Sigma*(2205)2(0)	2.205	0	2	-1	1	0	0	1	0	17
-5000303	Anti-Sigma*(2205)2(1)	2.205	0	2	-1	1	0	0	1	-1	12
5000349	Sigma*(2200)4(1)	2.2	0	4	1	-1	0	0	1	1	12
5000337	Sigma*(2200)4(0)	2.2	0	4	1	-1	0	0	1	0	17
5000325	Sigma*(2200)4(-1)	2.2	0	4	1	-1	0	0	1	-1	12
5000158	K*(2200)3(1)	2.2	0	3	0	1	0	0	0.5	1	33
5000157	K*(2200)3(0)	2.2	0	3	0	1	0	0	0.5	0	31
2000071	f0(2200)	2.2	0.44	1	0	0	0	0	0	0	1
2240	Delta(2200)-	2.2	0.4	8	1	0	0	0	1.5	-1	2
2239	Delta(2200)+	2.2	0.4	8	1	0	0	0	1.5	1	3
2238	Delta(2200)++	2.2	0.4	8	1	0	0	0	1.5	2	2
2237	Delta(2200)0	2.2	0.4	8	1	0	0	0	1.5	0	3
-2237	Anti-Delta(2200)0	2.2	0.4	8	-1	0	0	0	1.5	0	3
-2238	Anti-Delta(2200)++	2.2	0.4	8	-1	0	0	0	1.5	-2	2
-2239	Anti-Delta(2200)+	2.2	0.4	8	-1	0	0	0	1.5	-1	3
-2240	Anti-Delta(2200)-	2.2	0.4	8	-1	0	0	0	1.5	1	2
-5000157	Anti-K*(2200)3(0)	2.2	0	3	0	-1	0	0	0.5	0	31
-5000158	Anti-K*(2200)3(1)	2.2	0	3	0	-1	0	0	0.5	-1	33
-5000325	Anti-Sigma*(2200)4(-1)	2.2	0	4	-1	1	0	0	1	1	12
-5000337	Anti-Sigma*(2200)4(0)	2.2	0	4	-1	1	0	0	1	0	17
-5000349	Anti-Sigma*(2200)4(1)	2.2	0	4	-1	1	0	0	1	-1	12
5000273	Lambda*(2195)2(0)	2.196	0	2	1	-1	0	0	0	0	15
-5000273	Anti-Lambda*(2195)2(0)	2.196	0	2	-1	1	0	0	0	0	15
5000394	N*(2195)2(1)	2.195	0	2	1	0	0	0	0.5	1	24
5000388	N*(2195)2(0)	2.195	0	2	1	0	0	0	0.5	0	24
5000272	Lambda*(2195)2(0)	2.195	0	2	1	-1	0	0	0	0	15
5000094	rho(2195)3(0)	2.195	0	3	0	0	0	0	1	0	22
5000093	rho(2195)3(1)	2.195	0	3	0	0	0	0	1	1	31
5000017	omega(2195)3(0)	2.195	0	3	0	0	0	0	0	0	35
-5000093	Anti-rho(2195)3(1)	2.195	0	3	0	0	0	0	1	-1	31
-5000272	Anti-Lambda*(2195)2(0)	2.195	0	2	-1	1	0	0	0	0	15
-5000388	Anti-N*(2195)2(0)	2.195	0	2	-1	0	0	0	0.5	0	24
-5000394	Anti-N*(2195)2(1)	2.195	0	2	-1	0	0	0	0.5	-1	24
5000124	a(2191)7(0)	2.191	0	7	0	0	0	0	1	0	22
5000123	a(2191)7(1)	2.191	0	7	0	0	0	0	1	1	31
5000043	f(2191)7(0)	2.191	0	7	0	0	0	0	0	0	35
-5000123	Anti-a(2191)7(1)	2.191	0	7	0	0	0	0	1	-1	31
2128	N(2190)+	2.19	0.5	8	1	0	0	0	0.5	1	8
1218	N(2190)0	2.19	0.5	8	1	0	0	0	0.5	0	8
-1218	Anti-N(2190)0	2.19	0.5	8	-1	0	0	0	0.5	0	8
-2128	Anti-N(2190)+	2.19	0.5	8	-1	0	0	0	0.5	-1	8
5000348	Sigma*(2185)4(1)	2.185	0	4	1	-1	0	0	1	1	12
5000336	Sigma*(2185)4(0)	2.185	0	4	1	-1	0	0	1	0	17
5000324	Sigma*(2185)4(-1)	2.185	0	4	1	-1	0	0	1	-1	12
5000315	Lambda*(2185)4(0)	2.185	0	4	1	-1	0	0	0	0	15
-5000315	Anti-Lambda*(2185)4(0)	2.185	0	4	-1	1	0	0	0	0	15
-5000324	Anti-Sigma*(2185)4(-1)	2.185	0	4	-1	1	0	0	1	1	12
-5000336	Anti-Sigma*(2185)4(0)	2.185	0	4	-1	1	0	0	1	0	17
-5000348	Anti-Sigma*(2185)4(1)	2.185	0	4	-1	1	0	0	1	-1	12
5000170	K*(2182)7(1)	2.182	0	7	0	1	0	0	0.5	1	33
5000169	K*(2182)7(0)	2.182	0	7	0	1	0	0	0.5	0	31
-5000169	Anti-K*(2182)7(0)	2.182	0	7	0	-1	0	0	0.5	0	31
-5000170	Anti-K*(2182)7(1)	2.182	0	7	0	-1	0	0	0.5	-1	33
5000422	N*(2180)6(1)	2.181	0	6	1	0	0	0	0.5	1	24
5000419	N*(2180)6(0)	2.181	0	6	1	0	0	0	0.5	0	24
5000356	Lambda*(2180)6(0)	2.181	0	6	1	-1	0	0	0	0	15
-5000356	Anti-Lambda*(2180)6(0)	2.181	0	6	-1	1	0	0	0	0	15
-5000419	Anti-N*(2180)6(0)	2.181	0	6	-1	0	0	0	0.5	0	24
-5000422	Anti-N*(2180)6(1)	2.181	0	6	-1	0	0	0	0.5	-1	24
5000408	N*(2180)4(1)	2.18	0	4	1	0	0	0	0.5	1	24
5000403	N*(2180)4(0)	2.18	0	4	1	0	0	0	0.5	0	24
5000355	Lambda*(2180)6(0)	2.18	0	6	1	-1	0	0	0	0	15
5000262	Xsi*(2180)8(0)	2.18	0	8	1	-2	0	0	0.5	0	18
5000259	Xsi*(2180)8(-1)	2.18	0	8	1	-2	0	0	0.5	-1	18
-5000259	Anti-Xsi*(2180)8(-1)	2.18	0	8	-1	2	0	0	0.5	1	18
-5000262	Anti-Xsi*(2180)8(0)	2.18	0	8	-1	2	0	0	0.5	0	18
-5000355	Anti-Lambda*(2180)6(0)	2.18	0	6	-1	1	0	0	0	0	15
-5000403	Anti-N*(2180)4(0)	2.18	0	4	-1	0	0	0	0.5	0	24
-5000408	Anti-N*(2180)4(1)	2.18	0	4	-1	0	0	0	0.5	-1	24
2000073	phi(2170)	2.175	0.061	3	0	0	0	0	0	0	7
5000242	Xsi*(2170)4(0)	2.17	0	4	1	-2	0	0	0.5	0	18
5000228	Xsi*(2170)4(-1)	2.17	0	4	1	-2	0	0	0.5	-1	18
-5000228	Anti-Xsi*(2170)4(-1)	2.17	0	4	-1	2	0	0	0.5	1	18
-5000242	Anti-Xsi*(2170)4(0)	2.17	0	4	-1	2	0	0	0.5	0	18
5000430	Delta(2165)6(2)	2.165	0	6	1	0	0	0	1.5	2	13
5000428	Delta(2165)6(1)	2.165	0	6	1	0	0	0	1.5	1	22
5000426	Delta(2165)6(0)	2.165	0	6	1	0	0	0	1.5	0	22
5000424	Delta(2165)6(-1)	2.165	0	6	1	0	0	0	1.5	-1	13
5000407	N*(2165)4(1)	2.165	0	4	1	0	0	0	0.5	1	24
5000402	N*(2165)4(0)	2.165	0	4	1	0	0	0	0.5	0	24
5000302	Sigma*(2165)2(1)	2.165	0	2	1	-1	0	0	1	1	12
5000292	Sigma*(2165)2(0)	2.165	0	2	1	-1	0	0	1	0	17
5000282	Sigma*(2165)2(-1)	2.165	0	2	1	-1	0	0	1	-1	12
5000241	Xsi*(2165)4(0)	2.165	0	4	1	-2	0	0	0.5	0	18
5000227	Xsi*(2165)4(-1)	2.165	0	4	1	-2	0	0	0.5	-1	18
5000185	Omega*(2165)4(-1)	2.165	0	4	1	-3	0	0	0	-1	8
-5000185	Anti-Omega*(2165)4(-1)	2.165	0	4	-1	3	0	0	0	1	8
-5000227	Anti-Xsi*(2165)4(-1)	2.165	0	4	-1	2	0	0	0.5	1	18
-5000241	Anti-Xsi*(2165)4(0)	2.165	0	4	-1	2	0	0	0.5	0	18
-5000282	Anti-Sigma*(2165)2(-1)	2.165	0	2	-1	1	0	0	1	1	12
-5000292	Anti-Sigma*(2165)2(0)	2.165	0	2	-1	1	0	0	1	0	17
-5000302	Anti-Sigma*(2165)2(1)	2.165	0	2	-1	1	0	0	1	-1	12
-5000402	Anti-N*(2165)4(0)	2.165	0	4	-1	0	0	0	0.5	0	24
-5000407	Anti-N*(2165)4(1)	2.165	0	4	-1	0	0	0	0.5	-1	24
-5000424	Anti-Delta(2165)6(-1)	2.165	0	6	-1	0	0	0	1.5	1	13
-5000426	Anti-Delta(2165)6(0)	2.165	0	6	-1	0	0	0	1.5	0	22
-5000428	Anti-Delta(2165)6(1)	2.165	0	6	-1	0	0	0	1.5	-1	22
-5000430	Anti-Delta(2165)6(2)	2.165	0	6	-1	0	0	0	1.5	-2	13
5000156	K*(2164)3(1)	2.164	0	3	0	1	0	0	0.5	1	33
5000155	K*(2164)3(0)	2.164	0	3	0	1	0	0	0.5	0	31
5000122	b(2164)7(0)	2.164	0	7	0	0	0	0	1	0	22
5000121	b(2164)7(1)	2.164	0	7	0	0	0	0	1	1	31
5000042	h(2164)7(0)	2.164	0	7	0	0	0	0	0	0	35
-5000121	Anti-b(2164)7(1)	2.164	0	7	0	0	0	0	1	-1	31
-5000155	Anti-K*(2164)3(0)	2.164	0	3	0	-1	0	0	0.5	0	31
-5000156	Anti-K*(2164)3(1)	2.164	0	3	0	-1	0	0	0.5	-1	33
5000164	K*(2163)5(1)	2.163	0	5	0	1	0	0	0.5	1	33
5000163	K*(2163)5(0)	2.163	0	5	0	1	0	0	0.5	0	31
-5000163	Anti-K*(2163)5(0)	2.163	0	5	0	-1	0	0	0.5	0	31
-5000164	Anti-K*(2163)5(1)	2.163	0	5	0	-1	0	0	0.5	-1	33
5000314	Lambda*(2160)4(0)	2.161	0	4	1	-1	0	0	0	0	15
-5000314	Anti-Lambda*(2160)4(0)	2.161	0	4	-1	1	0	0	0	0	15
5000271	Lambda*(2160)2(0)	2.16	0	2	1	-1	0	0	0	0	15
5000148	K*(2160)1(1)	2.16	0	1	0	1	0	0	0.5	1	33
5000147	K*(2160)1(0)	2.16	0	1	0	1	0	0	0.5	0	31
-5000147	Anti-K*(2160)1(0)	2.16	0	1	0	-1	0	0	0.5	0	31
-5000148	Anti-K*(2160)1(1)	2.16	0	1	0	-1	0	0	0.5	-1	33
-5000271	Anti-Lambda*(2160)2(0)	2.16	0	2	-1	1	0	0	0	0	15
2001075	f2(2150)	2.157	0.152	5	0	0	0	0	0	0	11
5000347	Sigma*(2155)4(1)	2.156	0	4	1	-1	0	0	1	1	12
5000335	Sigma*(2155)4(0)	2.156	0	4	1	-1	0	0	1	0	17
5000323	Sigma*(2155)4(-1)	2.156	0	4	1	-1	0	0	1	-1	12
5000154	K*(2156)3(1)	2.156	0	3	0	1	0	0	0.5	1	33
5000153	K*(2156)3(0)	2.156	0	3	0	1	0	0	0.5	0	31
-5000153	Anti-K*(2156)3(0)	2.156	0	3	0	-1	0	0	0.5	0	31
-5000154	Anti-K*(2156)3(1)	2.156	0	3	0	-1	0	0	0.5	-1	33
-5000323	Anti-Sigma*(2155)4(-1)	2.156	0	4	-1	1	0	0	1	1	12
-5000335	Anti-Sigma*(2155)4(0)	2.156	0	4	-1	1	0	0	1	0	17
-5000347	Anti-Sigma*(2155)4(1)	2.156	0	4	-1	1	0	0	1	-1	12
5000429	Delta(2155)6(2)	2.155	0	6	1	0	0	0	1.5	2	13
5000427	Delta(2155)6(1)	2.155	0	6	1	0	0	0	1.5	1	22
5000425	Delta(2155)6(0)	2.155	0	6	1	0	0	0	1.5	0	22
5000423	Delta(2155)6(-1)	2.155	0	6	1	0	0	0	1.5	-1	13
5000301	Sigma*(2155)2(1)	2.155	0	2	1	-1	0	0	1	1	12
5000291	Sigma*(2155)2(0)	2.155	0	2	1	-1	0	0	1	0	17
5000281	Sigma*(2155)2(-1)	2.155	0	2	1	-1	0	0	1	-1	12
2001065	rho(2150)0	2.155	0.32	3	0	0	0	0	1	0	8
2001064	rho(2150)+	2.155	0.32	3	0	0	0	0	1	1	8
-2001064	Anti-rho(2150)+	2.155	0.32	3	0	0	0	0	1	-1	8
-5000281	Anti-Sigma*(2155)2(-1)	2.155	0	2	-1	1	0	0	1	1	12
-5000291	Anti-Sigma*(2155)2(0)	2.155	0	2	-1	1	0	0	1	0	17
-5000301	Anti-Sigma*(2155)2(1)	2.155	0	2	-1	1	0	0	1	-1	12
-5000423	Anti-Delta(2155)6(-1)	2.155	0	6	-1	0	0	0	1.5	1	13
-5000425	Anti-Delta(2155)6(0)	2.155	0	6	-1	0	0	0	1.5	0	22
-5000427	Anti-Delta(2155)6(1)	2.155	0	6	-1	0	0	0	1.5	-1	22
-5000429	Anti-Delta(2155)6(2)	2.155	0	6	-1	0	0	0	1.5	-2	13
5000378	Lambda*(2150)8(0)	2.15	0	8	1	-1	0	0	0	0	15
5000215	Xsi*(2150)2(0)	2.15	0	2	1	-2	0	0	0.5	0	18
5000200	Xsi*(2150)2(-1)	2.15	0	2	1	-2	0	0	0.5	-1	18
2244	Delta(2150)-	2.15	0.15	2	1	0	0	0	1.5	-1	2
2243	Delta(2150)+	2.15	0.15	2	1	0	0	0	1.5	1	3
2242	Delta(2150)++	2.15	0.15	2	1	0	0	0	1.5	2	2
2241	Delta(2150)0	2.15	0.15	2	1	0	0	0	1.5	0	3
-2241	Anti-Delta(2150)0	2.15	0.15	2	-1	0	0	0	1.5	0	3
-2242	Anti-Delta(2150)++	2.15	0.15	2	-1	0	0	0	1.5	-2	2
-2243	Anti-Delta(2150)+	2.15	0.15	2	-1	0	0	0	1.5	-1	3
-2244	Anti-Delta(2150)-	2.15	0.15	2	-1	0	0	0	1.5	1	2
-5000200	Anti-Xsi*(2150)2(-1)	2.15	0	2	-1	2	0	0	0.5	1	18
-5000215	Anti-Xsi*(2150)2(0)	2.15	0	2	-1	2	0	0	0.5	0	18
-5000378	Anti-Lambda*(2150)8(0)	2.15	0	8	-1	1	0	0	0	0	15
5000416	Delta(2145)4(2)	2.145	0	4	1	0	0	0	1.5	2	13
5000414	Delta(2145)4(1)	2.145	0	4	1	0	0	0	1.5	1	22
5000412	Delta(2145)4(0)	2.145	0	4	1	0	0	0	1.5	0	22
5000410	Delta(2145)4(-1)	2.145	0	4	1	0	0	0	1.5	-1	13
5000393	N*(2145)2(1)	2.145	0	2	1	0	0	0	0.5	1	24
5000387	N*(2145)2(0)	2.145	0	2	1	0	0	0	0.5	0	24
-5000387	Anti-N*(2145)2(0)	2.145	0	2	-1	0	0	0	0.5	0	24
-5000393	Anti-N*(2145)2(1)	2.145	0	2	-1	0	0	0	0.5	-1	24
-5000410	Anti-Delta(2145)4(-1)	2.145	0	4	-1	0	0	0	1.5	1	13
-5000412	Anti-Delta(2145)4(0)	2.145	0	4	-1	0	0	0	1.5	0	22
-5000414	Anti-Delta(2145)4(1)	2.145	0	4	-1	0	0	0	1.5	-1	22
-5000416	Anti-Delta(2145)4(2)	2.145	0	4	-1	0	0	0	1.5	-2	13
5000374	Sigma*(2130)6(1)	2.13	0	6	1	-1	0	0	1	1	12
5000368	Sigma*(2130)6(0)	2.13	0	6	1	-1	0	0	1	0	17
5000362	Sigma*(2130)6(-1)	2.13	0	6	1	-1	0	0	1	-1	12
5000214	Xsi*(2130)2(0)	2.13	0	2	1	-2	0	0	0.5	0	18
5000199	Xsi*(2130)2(-1)	2.13	0	2	1	-2	0	0	0.5	-1	18
-5000199	Anti-Xsi*(2130)2(-1)	2.13	0	2	-1	2	0	0	0.5	1	18
-5000214	Anti-Xsi*(2130)2(0)	2.13	0	2	-1	2	0	0	0.5	0	18
-5000362	Anti-Sigma*(2130)6(-1)	2.13	0	6	-1	1	0	0	1	1	12
-5000368	Anti-Sigma*(2130)6(0)	2.13	0	6	-1	1	0	0	1	0	17
-5000374	Anti-Sigma*(2130)6(1)	2.13	0	6	-1	1	0	0	1	-1	12
5000130	rho(2122)9(0)	2.122	0	9	0	0	0	0	1	0	23
5000129	rho(2122)9(1)	2.122	0	9	0	0	0	0	1	1	31
5000055	omega(2122)9(0)	2.122	0	9	0	0	0	0	0	0	35
-5000129	Anti-rho(2122)9(1)	2.122	0	9	0	0	0	0	1	-1	31
5000313	Lambda*(2120)4(0)	2.121	0	4	1	-1	0	0	0	0	15
-5000313	Anti-Lambda*(2120)4(0)	2.121	0	4	-1	1	0	0	0	0	15
5000346	Sigma*(2120)4(1)	2.12	0	4	1	-1	0	0	1	1	12
5000334	Sigma*(2120)4(0)	2.12	0	4	1	-1	0	0	1	0	17
5000322	Sigma*(2120)4(-1)	2.12	0	4	1	-1	0	0	1	-1	12
5000270	Lambda*(2120)2(0)	2.12	0	2	1	-1	0	0	0	0	15
2001050	Ksi(2120)0	2.12	0.02	6	1	-2	0	0	0.5	0	2
2001049	Ksi(2120)-	2.12	0.02	6	1	-2	0	0	0.5	-1	2
2000020	N(2120)0	2.12	0.304641544	4	1	0	0	0	0.5	0	8
2000019	N(2120)+	2.12	0.304637173	4	1	0	0	0	0.5	1	8
-2000019	Anti-N(2120)+	2.12	0.304637173	4	-1	0	0	0	0.5	-1	8
-2000020	Anti-N(2120)0	2.12	0.304641544	4	-1	0	0	0	0.5	0	8
-2001049	Anti-Ksi(2120)-	2.12	0.02	6	-1	2	0	0	0.5	1	2
-2001050	Anti-Ksi(2120)0	2.12	0.02	6	-1	2	0	0	0.5	0	2
-5000270	Anti-Lambda*(2120)2(0)	2.12	0	2	-1	1	0	0	0	0	15
-5000322	Anti-Sigma*(2120)4(-1)	2.12	0	4	-1	1	0	0	1	1	12
-5000334	Anti-Sigma*(2120)4(0)	2.12	0	4	-1	1	0	0	1	0	17
-5000346	Anti-Sigma*(2120)4(1)	2.12	0	4	-1	1	0	0	1	-1	12
5000016	omegaprime(2119)3(0)	2.119	0	3	0	0	0	0	0	0	35
5000345	Sigma*(2115)4(1)	2.115	0	4	1	-1	0	0	1	1	12
5000333	Sigma*(2115)4(0)	2.115	0	4	1	-1	0	0	1	0	17
5000321	Sigma*(2115)4(-1)	2.115	0	4	1	-1	0	0	1	-1	12
5000240	Xsi*(2115)4(0)	2.115	0	4	1	-2	0	0	0.5	0	18
5000226	Xsi*(2115)4(-1)	2.115	0	4	1	-2	0	0	0.5	-1	18
-5000226	Anti-Xsi*(2115)4(-1)	2.115	0	4	-1	2	0	0	0.5	1	18
-5000240	Anti-Xsi*(2115)4(0)	2.115	0	4	-1	2	0	0	0.5	0	18
-5000321	Anti-Sigma*(2115)4(-1)	2.115	0	4	-1	1	0	0	1	1	12
-5000333	Anti-Sigma*(2115)4(0)	2.115	0	4	-1	1	0	0	1	0	17
-5000345	Anti-Sigma*(2115)4(1)	2.115	0	4	-1	1	0	0	1	-1	12
5000373	Sigma*(2110)6(1)	2.111	0	6	1	-1	0	0	1	1	12
5000367	Sigma*(2110)6(0)	2.111	0	6	1	-1	0	0	1	0	17
5000361	Sigma*(2110)6(-1)	2.111	0	6	1	-1	0	0	1	-1	12
5000312	Lambda*(2110)4(0)	2.111	0	4	1	-1	0	0	0	0	15
-5000312	Anti-Lambda*(2110)4(0)	2.111	0	4	-1	1	0	0	0	0	15
-5000361	Anti-Sigma*(2110)6(-1)	2.111	0	6	-1	1	0	0	1	1	12
-5000367	Anti-Sigma*(2110)6(0)	2.111	0	6	-1	1	0	0	1	0	17
-5000373	Anti-Sigma*(2110)6(1)	2.111	0	6	-1	1	0	0	1	-1	12
5000300	Sigma*(2110)2(1)	2.11	0	2	1	-1	0	0	1	1	12
5000290	Sigma*(2110)2(0)	2.11	0	2	1	-1	0	0	1	0	17
5000280	Sigma*(2110)2(-1)	2.11	0	2	1	-1	0	0	1	-1	12
23126	Lambda(2110)	2.11	0.2	6	1	-1	0	0	0	0	12
-23126	Anti-Lambda(2110)	2.11	0.2	6	-1	1	0	0	0	0	12
-5000280	Anti-Sigma*(2110)2(-1)	2.11	0	2	-1	1	0	0	1	1	12
-5000290	Anti-Sigma*(2110)2(0)	2.11	0	2	-1	1	0	0	1	0	17
-5000300	Anti-Sigma*(2110)2(1)	2.11	0	2	-1	1	0	0	1	-1	12
5000299	Sigma*(2105)2(1)	2.105	0	2	1	-1	0	0	1	1	12
5000289	Sigma*(2105)2(0)	2.105	0	2	1	-1	0	0	1	0	17
5000279	Sigma*(2105)2(-1)	2.105	0	2	1	-1	0	0	1	-1	12
5000269	Lambda*(2105)2(0)	2.105	0	2	1	-1	0	0	0	0	15
-5000269	Anti-Lambda*(2105)2(0)	2.105	0	2	-1	1	0	0	0	0	15
-5000279	Anti-Sigma*(2105)2(-1)	2.105	0	2	-1	1	0	0	1	1	12
-5000289	Anti-Sigma*(2105)2(0)	2.105	0	2	-1	1	0	0	1	0	17
-5000299	Anti-Sigma*(2105)2(1)	2.105	0	2	-1	1	0	0	1	-1	12
5000213	Xsi*(2100)2(0)	2.1	0	2	1	-2	0	0	0.5	0	18
5000198	Xsi*(2100)2(-1)	2.1	0	2	1	-2	0	0	0.5	-1	18
4000022	N(2100)+	2.1	0.29	2	1	0	0	0	0.5	1	10
4000021	N(2100)0	2.1	0.29	2	1	0	0	0	0.5	0	10
2001068	Sigma(2100)-	2.1	0.1	8	1	-1	0	0	1	-1	5
2001067	Sigma(2100)0	2.1	0.1	8	1	-1	0	0	1	0	7
2001066	Sigma(2100)+	2.1	0.1	8	1	-1	0	0	1	1	5
2000065	f0(2100)	2.1	0.44	1	0	0	0	0	0	0	1
3128	Lambda(2100)	2.1	0.2	8	1	-1	0	0	0	0	12
-3128	Anti-Lambda(2100)	2.1	0.2	8	-1	1	0	0	0	0	12
-2001066	Anti-Sigma(2100)+	2.1	0.1	8	-1	1	0	0	1	-1	5
-2001067	Anti-Sigma(2100)0	2.1	0.1	8	-1	1	0	0	1	0	7
-2001068	Anti-Sigma(2100)-	2.1	0.1	8	-1	1	0	0	1	1	5
-4000021	Anti-N(2100)0	2.1	0.29	2	-1	0	0	0	0.5	0	10
-4000022	Anti-N(2100)+	2.1	0.29	2	-1	0	0	0	0.5	-1	10
-5000198	Anti-Xsi*(2100)2(-1)	2.1	0	2	-1	2	0	0	0.5	1	18
-5000213	Anti-Xsi*(2100)2(0)	2.1	0	2	-1	2	0	0	0.5	0	18
5000421	N*(2095)6(1)	2.095	0	6	1	0	0	0	0.5	1	24
5000418	N*(2095)6(0)	2.095	0	6	1	0	0	0	0.5	0	24
5000268	Lambda*(2095)2(0)	2.095	0	2	1	-1	0	0	0	0	15
-5000268	Anti-Lambda*(2095)2(0)	2.095	0	2	-1	1	0	0	0	0	15
-5000418	Anti-N*(2095)6(0)	2.095	0	6	-1	0	0	0	0.5	0	24
-5000421	Anti-N*(2095)6(1)	2.095	0	6	-1	0	0	0	0.5	-1	24
5000128	a(2092)9(0)	2.092	0	9	0	0	0	0	1	0	23
5000127	a(2092)9(1)	2.092	0	9	0	0	0	0	1	1	31
5000054	f(2092)9(0)	2.092	0	9	0	0	0	0	0	0	38
-5000127	Anti-a(2092)9(1)	2.092	0	9	0	0	0	0	1	-1	31
5000110	a(2091)5(0)	2.091	0	5	0	0	0	0	1	0	23
5000109	a(2091)5(1)	2.091	0	5	0	0	0	0	1	1	31
5000030	f(2091)5(0)	2.091	0	5	0	0	0	0	0	0	38
-5000109	Anti-a(2091)5(1)	2.091	0	5	0	0	0	0	1	-1	31
5000435	N*(2090)8(1)	2.09	0	8	1	0	0	0	0.5	1	24
5000431	N*(2090)8(0)	2.09	0	8	1	0	0	0	0.5	0	24
2000062	pi2(2100)0	2.09	0.625	5	0	0	0	0	1	0	7
2000061	pi2(2100)+	2.09	0.625	5	0	0	0	0	1	1	6
-2000061	Anti-pi2(2100)+	2.09	0.625	5	0	0	0	0	1	-1	6
-5000431	Anti-N*(2090)8(0)	2.09	0	8	-1	0	0	0	0.5	0	24
-5000435	Anti-N*(2090)8(1)	2.09	0	8	-1	0	0	0	0.5	-1	24
5000003	etaprime(2085)1(0)	2.085	0	1	0	0	0	0	0	0	38
5000415	Delta(2080)4(2)	2.08	0	4	1	0	0	0	1.5	2	13
5000413	Delta(2080)4(1)	2.08	0	4	1	0	0	0	1.5	1	22
5000411	Delta(2080)4(0)	2.08	0	4	1	0	0	0	1.5	0	22
5000409	Delta(2080)4(-1)	2.08	0	4	1	0	0	0	1.5	-1	13
5000311	Lambda*(2080)4(0)	2.08	0	4	1	-1	0	0	0	0	15
5000168	K*(2080)7(1)	2.08	0	7	0	1	0	0	0.5	1	35
5000167	K*(2080)7(0)	2.08	0	7	0	1	0	0	0.5	0	33
2000056	Sigma(2080)-	2.08	0.19	4	1	-1	0	0	1	-1	4
2000055	Sigma(2080)0	2.08	0.19	4	1	-1	0	0	1	0	6
2000054	Sigma(2080)+	2.08	0.19	4	1	-1	0	0	1	1	4
-2000054	Anti-Sigma(2080)+	2.08	0.19	4	-1	1	0	0	1	-1	4
-2000055	Anti-Sigma(2080)0	2.08	0.19	4	-1	1	0	0	1	0	6
-2000056	Anti-Sigma(2080)-	2.08	0.19	4	-1	1	0	0	1	1	4
-5000167	Anti-K*(2080)7(0)	2.08	0	7	0	-1	0	0	0.5	0	33
-5000168	Anti-K*(2080)7(1)	2.08	0	7	0	-1	0	0	0.5	-1	35
-5000311	Anti-Lambda*(2080)4(0)	2.08	0	4	-1	1	0	0	0	0	15
-5000409	Anti-Delta(2080)4(-1)	2.08	0	4	-1	0	0	0	1.5	1	13
-5000411	Anti-Delta(2080)4(0)	2.08	0	4	-1	0	0	0	1.5	0	22
-5000413	Anti-Delta(2080)4(1)	2.08	0	4	-1	0	0	0	1.5	-1	22
-5000415	Anti-Delta(2080)4(2)	2.08	0	4	-1	0	0	0	1.5	-2	13
5000080	pion*(2073)1(0)	2.073	0	1	0	0	0	0	1	0	23
5000079	pion*(2073)1(1)	2.073	0	1	0	0	0	0	1	1	31
5000002	eta(2073)1(0)	2.073	0	1	0	0	0	0	0	0	38
-5000079	Anti-pion*(2073)1(1)	2.073	0	1	0	0	0	0	1	-1	31
2000053	Sigma(2070)-	2.07	0.12	6	1	-1	0	0	1	-1	4
2000052	Sigma(2070)0	2.07	0.12	6	1	-1	0	0	1	0	6
2000051	Sigma(2070)+	2.07	0.12	6	1	-1	0	0	1	1	4
-2000051	Anti-Sigma(2070)+	2.07	0.12	6	-1	1	0	0	1	-1	4
-2000052	Anti-Sigma(2070)0	2.07	0.12	6	-1	1	0	0	1	0	6
-2000053	Anti-Sigma(2070)-	2.07	0.12	6	-1	1	0	0	1	1	4
5000162	K*(2066)5(1)	2.066	0	5	0	1	0	0	0.5	1	35
5000161	K*(2066)5(0)	2.066	0	5	0	1	0	0	0.5	0	33
5000120	a(2066)7(0)	2.066	0	7	0	0	0	0	1	0	23
5000119	a(2066)7(1)	2.066	0	7	0	0	0	0	1	1	31
5000041	f(2066)7(0)	2.066	0	7	0	0	0	0	0	0	39
-5000119	Anti-a(2066)7(1)	2.066	0	7	0	0	0	0	1	-1	31
-5000161	Anti-K*(2066)5(0)	2.066	0	5	0	-1	0	0	0.5	0	33
-5000162	Anti-K*(2066)5(1)	2.066	0	5	0	-1	0	0	0.5	-1	35
5000392	N*(2065)2(1)	2.065	0	2	1	0	0	0	0.5	1	24
5000386	N*(2065)2(0)	2.065	0	2	1	0	0	0	0.5	0	24
5000239	Xsi*(2065)4(0)	2.065	0	4	1	-2	0	0	0.5	0	18
5000225	Xsi*(2065)4(-1)	2.065	0	4	1	-2	0	0	0.5	-1	18
5000146	K*(2065)1(1)	2.065	0	1	0	1	0	0	0.5	1	35
5000145	K*(2065)1(0)	2.065	0	1	0	1	0	0	0.5	0	33
-5000145	Anti-K*(2065)1(0)	2.065	0	1	0	-1	0	0	0.5	0	33
-5000146	Anti-K*(2065)1(1)	2.065	0	1	0	-1	0	0	0.5	-1	35
-5000225	Anti-Xsi*(2065)4(-1)	2.065	0	4	-1	2	0	0	0.5	1	18
-5000239	Anti-Xsi*(2065)4(0)	2.065	0	4	-1	2	0	0	0.5	0	18
-5000386	Anti-N*(2065)2(0)	2.065	0	2	-1	0	0	0	0.5	0	24
-5000392	Anti-N*(2065)2(1)	2.065	0	2	-1	0	0	0	0.5	-1	24
5000152	K*(2063)3(1)	2.063	0	3	0	1	0	0	0.5	1	35
5000151	K*(2063)3(0)	2.063	0	3	0	1	0	0	0.5	0	33
-5000151	Anti-K*(2063)3(0)	2.063	0	3	0	-1	0	0	0.5	0	33
-5000152	Anti-K*(2063)3(1)	2.063	0	3	0	-1	0	0	0.5	-1	35
2000016	N(2060)0	2.06	0.291036384	6	1	0	0	0	0.5	0	16
2000015	N(2060)+	2.06	0.291035323	6	1	0	0	0	0.5	1	16
-2000015	Anti-N(2060)+	2.06	0.291035323	6	-1	0	0	0	0.5	-1	16
-2000016	Anti-N(2060)0	2.06	0.291036384	6	-1	0	0	0	0.5	0	16
1144	Lambda(2050)	2.056	0.493	4	1	-1	0	0	0	0	11
-1144	Anti-Lambda(2050)	2.056	0.493	4	-1	1	0	0	0	0	11
5000406	N*(2055)4(1)	2.055	0	4	1	0	0	0	0.5	1	24
5000401	N*(2055)4(0)	2.055	0	4	1	0	0	0	0.5	0	24
-5000401	Anti-N*(2055)4(0)	2.055	0	4	-1	0	0	0	0.5	0	24
-5000406	Anti-N*(2055)4(1)	2.055	0	4	-1	0	0	0	0.5	-1	24
2000012	N(2000)0	2.05	0.277431225	6	1	0	0	0	0.5	0	12
2000011	N(2000)+	2.05	0.277433472	6	1	0	0	0	0.5	1	12
-2000011	Anti-N(2000)+	2.05	0.277433472	6	-1	0	0	0	0.5	-1	12
-2000012	Anti-N(2000)0	2.05	0.277431225	6	-1	0	0	0	0.5	0	12
5000320	Sigma*(2045)4(-1)	2.049	0	4	1	-1	0	0	1	-1	12
-5000320	Anti-Sigma*(2045)4(-1)	2.049	0	4	-1	1	0	0	1	1	12
5000108	a(2048)5(0)	2.048	0	5	0	0	0	0	1	0	23
5000107	a(2048)5(1)	2.048	0	5	0	0	0	0	1	1	31
5000029	f(2048)5(0)	2.048	0	5	0	0	0	0	0	0	39
-5000107	Anti-a(2048)5(1)	2.048	0	5	0	0	0	0	1	-1	31
5000344	Sigma*(2045)4(1)	2.045	0	4	1	-1	0	0	1	1	12
5000332	Sigma*(2045)4(0)	2.045	0	4	1	-1	0	0	1	0	17
5000238	Xsi*(2045)4(0)	2.045	0	4	1	-2	0	0	0.5	0	18
5000224	Xsi*(2045)4(-1)	2.045	0	4	1	-2	0	0	0.5	-1	18
329	K4*(2045)+	2.045	0.198	9	0	1	0	0	0.5	1	19
319	K4*(2045)0	2.045	0.198	9	0	1	0	0	0.5	0	17
-319	Anti-K4*(2045)0	2.045	0.198	9	0	-1	0	0	0.5	0	17
-329	Anti-K4*(2045)+	2.045	0.198	9	0	-1	0	0	0.5	-1	19
-5000224	Anti-Xsi*(2045)4(-1)	2.045	0	4	-1	2	0	0	0.5	1	18
-5000238	Anti-Xsi*(2045)4(0)	2.045	0	4	-1	2	0	0	0.5	0	18
-5000332	Anti-Sigma*(2045)4(0)	2.045	0	4	-1	1	0	0	1	0	17
-5000344	Anti-Sigma*(2045)4(1)	2.045	0	4	-1	1	0	0	1	-1	12
5000212	Xsi*(2040)2(0)	2.04	0	2	1	-2	0	0	0.5	0	18
5000197	Xsi*(2040)2(-1)	2.04	0	2	1	-2	0	0	0.5	-1	18
4000024	N(2040)+	2.04	0.23	4	1	0	0	0	0.5	1	1
4000023	N(2040)0	2.04	0.23	4	1	0	0	0	0.5	0	1
-4000023	Anti-N(2040)0	2.04	0.23	4	-1	0	0	0	0.5	0	1
-4000024	Anti-N(2040)+	2.04	0.23	4	-1	0	0	0	0.5	-1	1
-5000197	Anti-Xsi*(2040)2(-1)	2.04	0	2	-1	2	0	0	0.5	1	18
-5000212	Anti-Xsi*(2040)2(0)	2.04	0	2	-1	2	0	0	0.5	0	18
5000092	a(2039)3(0)	2.039	0	3	0	0	0	0	1	0	23
5000091	a(2039)3(1)	2.039	0	3	0	0	0	0	1	1	31
5000015	f(2039)3(0)	2.039	0	3	0	0	0	0	0	0	39
-5000091	Anti-a(2039)3(1)	2.039	0	3	0	0	0	0	1	-1	31
5000398	Delta(2035)2(2)	2.035	0	2	1	0	0	0	1.5	2	13
5000397	Delta(2035)2(1)	2.035	0	2	1	0	0	0	1.5	1	22
5000396	Delta(2035)2(0)	2.035	0	2	1	0	0	0	1.5	0	22
5000395	Delta(2035)2(-1)	2.035	0	2	1	0	0	0	1.5	-1	13
5000354	Lambda*(2035)6(0)	2.035	0	6	1	-1	0	0	0	0	21
-5000354	Anti-Lambda*(2035)6(0)	2.035	0	6	-1	1	0	0	0	0	21
-5000395	Anti-Delta(2035)2(-1)	2.035	0	2	-1	0	0	0	1.5	1	13
-5000396	Anti-Delta(2035)2(0)	2.035	0	2	-1	0	0	0	1.5	0	22
-5000397	Anti-Delta(2035)2(1)	2.035	0	2	-1	0	0	0	1.5	-1	22
-5000398	Anti-Delta(2035)2(2)	2.035	0	2	-1	0	0	0	1.5	-2	13
5000372	Sigma*(2030)6(1)	2.034	0	6	1	-1	0	0	1	1	12
5000366	Sigma*(2030)6(0)	2.034	0	6	1	-1	0	0	1	0	17
-5000366	Anti-Sigma*(2030)6(0)	2.034	0	6	-1	1	0	0	1	0	17
-5000372	Anti-Sigma*(2030)6(1)	2.034	0	6	-1	1	0	0	1	-1	12
5000360	Sigma*(2030)6(-1)	2.033	0	6	1	-1	0	0	1	-1	12
-5000360	Anti-Sigma*(2030)6(-1)	2.033	0	6	-1	1	0	0	1	1	12
5000343	Sigma*(2030)4(1)	2.032	0	4	1	-1	0	0	1	1	12
5000331	Sigma*(2030)4(0)	2.032	0	4	1	-1	0	0	1	0	17
5000319	Sigma*(2030)4(-1)	2.032	0	4	1	-1	0	0	1	-1	12
-5000319	Anti-Sigma*(2030)4(-1)	2.032	0	4	-1	1	0	0	1	1	12
-5000331	Anti-Sigma*(2030)4(0)	2.032	0	4	-1	1	0	0	1	0	17
-5000343	Anti-Sigma*(2030)4(1)	2.032	0	4	-1	1	0	0	1	-1	12
5000298	Sigma*(2030)2(1)	2.031	0	2	1	-1	0	0	1	1	12
5000288	Sigma*(2030)2(0)	2.031	0	2	1	-1	0	0	1	0	17
5000278	Sigma*(2030)2(-1)	2.031	0	2	1	-1	0	0	1	-1	12
-5000278	Anti-Sigma*(2030)2(-1)	2.031	0	2	-1	1	0	0	1	1	12
-5000288	Anti-Sigma*(2030)2(0)	2.031	0	2	-1	1	0	0	1	0	17
-5000298	Anti-Sigma*(2030)2(1)	2.031	0	2	-1	1	0	0	1	-1	12
5000391	N*(2030)2(1)	2.03	0	2	1	0	0	0	0.5	1	24
5000385	N*(2030)2(0)	2.03	0	2	1	0	0	0	0.5	0	24
5000310	Lambda*(2030)4(0)	2.03	0	4	1	-1	0	0	0	0	21
3228	Sigma(2030)+	2.03	0.18	8	1	-1	0	0	1	1	11
3218	Sigma(2030)0	2.03	0.18	8	1	-1	0	0	1	0	14
3118	Sigma(2030)-	2.03	0.18	8	1	-1	0	0	1	-1	11
-3118	Anti-Sigma(2030)-	2.03	0.18	8	-1	1	0	0	1	1	11
-3218	Anti-Sigma(2030)0	2.03	0.18	8	-1	1	0	0	1	0	14
-3228	Anti-Sigma(2030)+	2.03	0.18	8	-1	1	0	0	1	-1	11
-5000310	Anti-Lambda*(2030)4(0)	2.03	0	4	-1	1	0	0	0	0	21
-5000385	Anti-N*(2030)2(0)	2.03	0	2	-1	0	0	0	0.5	0	24
-5000391	Anti-N*(2030)2(1)	2.03	0	2	-1	0	0	0	0.5	-1	24
43324	Ksi(2030)0	2.025	0.02	6	1	-2	0	0	0.5	0	3
43314	Ksi(2030)-	2.025	0.02	6	1	-2	0	0	0.5	-1	3
-43314	Anti-Ksi(2030)-	2.025	0.02	6	-1	2	0	0	0.5	1	3
-43324	Anti-Ksi(2030)0	2.025	0.02	6	-1	2	0	0	0.5	0	3
5000014	fprime(2024)3(0)	2.024	0	3	0	0	0	0	0	0	45
2001057	Lambda(2020)	2.02	0.2	8	1	-1	0	0	0	0	3
-2001057	Anti-Lambda(2020)	2.02	0.2	8	-1	1	0	0	0	0	3
229	f4(2050)	2.018	0.237	9	0	0	0	0	0	0	4
5000013	fprime(2016)3(0)	2.016	0	3	0	0	0	0	0	0	45
5000267	Lambda*(2015)2(0)	2.015	0	2	1	-1	0	0	0	0	21
-5000267	Anti-Lambda*(2015)2(0)	2.015	0	2	-1	1	0	0	0	0	21
100335	f2(2010)	2.011	0.202	5	0	0	0	0	0	0	3
219	a4(2040)+	2.011	0.36	9	0	0	0	0	1	1	7
119	a4(2040)0	2.011	0.36	9	0	0	0	0	1	0	7
-219	Anti-a4(2040)+	2.011	0.36	9	0	0	0	0	1	-1	7
5000342	Sigma*(2010)4(1)	2.01	0	4	1	-1	0	0	1	1	13
5000330	Sigma*(2010)4(0)	2.01	0	4	1	-1	0	0	1	0	17
5000318	Sigma*(2010)4(-1)	2.01	0	4	1	-1	0	0	1	-1	13
-5000318	Anti-Sigma*(2010)4(-1)	2.01	0	4	-1	1	0	0	1	1	13
-5000330	Anti-Sigma*(2010)4(0)	2.01	0	4	-1	1	0	0	1	0	17
-5000342	Anti-Sigma*(2010)4(1)	2.01	0	4	-1	1	0	0	1	-1	13
5000166	K*(2009)7(1)	2.009	0	7	0	1	0	0	0.5	1	34
5000165	K*(2009)7(0)	2.009	0	7	0	1	0	0	0.5	0	32
-5000165	Anti-K*(2009)7(0)	2.009	0	7	0	-1	0	0	0.5	0	32
-5000166	Anti-K*(2009)7(1)	2.009	0	7	0	-1	0	0	0.5	-1	34
5000090	b(2007)3(0)	2.007	0	3	0	0	0	0	1	0	23
5000089	b(2007)3(1)	2.007	0	3	0	0	0	0	1	1	31
5000012	h(2007)3(0)	2.007	0	3	0	0	0	0	0	0	50
-5000089	Anti-b(2007)3(1)	2.007	0	3	0	0	0	0	1	-1	31
5000040	omega(2002)7(0)	2.002	0	7	0	0	0	0	0	0	50
5000184	Omega*(2000)4(-1)	2	0	4	1	-3	0	0	0	-1	6
2000050	Sigma(2000)-	2	0.09	2	1	-1	0	0	1	-1	5
2000049	Sigma(2000)0	2	0.09	2	1	-1	0	0	1	0	7
2000048	Sigma(2000)+	2	0.09	2	1	-1	0	0	1	1	5
1142	Lambda(2000)	2	0.149885469	2	1	-1	0	0	0	0	4
1141	Delta(2000)-	2	0.25218341	6	1	0	0	0	1.5	-1	5
1140	Delta(2000)0	2	0.277431225	6	1	0	0	0	1.5	0	8
1139	Delta(2000)+	2	0.277433472	6	1	0	0	0	1.5	1	8
1138	Delta(2000)++	2	0.25218341	6	1	0	0	0	1.5	2	5
1137	Delta(1940)-	2	0.35	4	1	0	0	0	1.5	-1	7
1136	Delta(1940)0	2	0.35	4	1	0	0	0	1.5	0	10
1135	Delta(1940)+	2	0.35	4	1	0	0	0	1.5	1	11
1134	Delta(1940)++	2	0.35	4	1	0	0	0	1.5	2	7
-1134	Anti-Delta(1940)++	2	0.35	4	-1	0	0	0	1.5	-2	7
-1135	Anti-Delta(1940)+	2	0.35	4	-1	0	0	0	1.5	-1	11
-1136	Anti-Delta(1940)0	2	0.35	4	-1	0	0	0	1.5	0	10
-1137	Anti-Delta(1940)-	2	0.35	4	-1	0	0	0	1.5	1	7
-1138	Anti-Delta(2000)++	2	0.25218341	6	-1	0	0	0	1.5	-2	5
-1139	Anti-Delta(2000)+	2	0.277433472	6	-1	0	0	0	1.5	-1	8
-1140	Anti-Delta(2000)0	2	0.277431225	6	-1	0	0	0	1.5	0	8
-1141	Anti-Delta(2000)-	2	0.25218341	6	-1	0	0	0	1.5	1	5
-1142	Anti-Lambda(2000)	2	0.149885469	2	-1	1	0	0	0	0	4
-2000048	Anti-Sigma(2000)+	2	0.09	2	-1	1	0	0	1	-1	5
-2000049	Anti-Sigma(2000)0	2	0.09	2	-1	1	0	0	1	0	7
-2000050	Anti-Sigma(2000)-	2	0.09	2	-1	1	0	0	1	1	5
-5000184	Anti-Omega*(2000)4(-1)	2	0	4	-1	3	0	0	0	1	6
5000309	Lambda*(1995)4(0)	1.995	0	4	1	-1	0	0	0	0	21
-5000309	Anti-Lambda*(1995)4(0)	1.995	0	4	-1	1	0	0	0	0	21
5000078	a(1993)1(0)	1.993	0	1	0	0	0	0	1	0	23
5000077	a(1993)1(1)	1.993	0	1	0	0	0	0	1	1	31
-5000077	Anti-a(1993)1(1)	1.993	0	1	0	0	0	0	1	-1	31
9050221	f0(2020)	1.992	0.442	1	0	0	0	0	0	0	8
2001059	N(1990)0	1.99	0.28	8	1	0	0	0	0.5	0	3
2001058	N(1990)+	1.99	0.28	8	1	0	0	0	0.5	1	3
-2001058	Anti-N(1990)+	1.99	0.28	8	-1	0	0	0	0.5	-1	3
-2001059	Anti-N(1990)0	1.99	0.28	8	-1	0	0	0	0.5	0	3
5000106	rho(1983)5(0)	1.983	0	5	0	0	0	0	1	0	23
5000105	rho(1983)5(1)	1.983	0	5	0	0	0	0	1	1	31
-5000105	Anti-rho(1983)5(1)	1.983	0	5	0	0	0	0	1	-1	31
9000217	rho3(1990)+	1.982	0.188	7	0	0	0	0	1	1	1
9000117	rho3(1990)0	1.982	0.188	7	0	0	0	0	1	0	1
-9000217	Anti-rho3(1990)+	1.982	0.188	7	0	0	0	0	1	-1	1
5000420	N*(1980)6(1)	1.98	0	6	1	0	0	0	0.5	1	24
5000417	N*(1980)6(0)	1.98	0	6	1	0	0	0	0.5	0	24
2000067	K2*(1980)0	1.98	0.109	5	0	1	0	0	0.5	0	6
2000066	K2*(1980)+	1.98	0.0985	5	0	1	0	0	0.5	1	6
-2000066	Anti-K2*(1980)+	1.98	0.0985	5	0	-1	0	0	0.5	-1	6
-2000067	Anti-K2*(1980)0	1.98	0.109	5	0	-1	0	0	0.5	0	6
-5000417	Anti-N*(1980)6(0)	1.98	0	6	-1	0	0	0	0.5	0	24
-5000420	Anti-N*(1980)6(1)	1.98	0	6	-1	0	0	0	0.5	-1	24
5000390	N*(1975)2(1)	1.975	0	2	1	0	0	0	0.5	1	24
5000384	N*(1975)2(0)	1.975	0	2	1	0	0	0	0.5	0	24
-5000384	Anti-N*(1975)2(0)	1.975	0	2	-1	0	0	0	0.5	0	24
-5000390	Anti-N*(1975)2(1)	1.975	0	2	-1	0	0	0	0.5	-1	24
5000405	N*(1960)4(1)	1.96	0	4	1	0	0	0	0.5	1	24
5000400	N*(1960)4(0)	1.96	0	4	1	0	0	0	0.5	0	24
5000308	Lambda*(1960)4(0)	1.96	0	4	1	-1	0	0	0	0	21
-5000308	Anti-Lambda*(1960)4(0)	1.96	0	4	-1	1	0	0	0	0	21
-5000400	Anti-N*(1960)4(0)	1.96	0	4	-1	0	0	0	0.5	0	24
-5000405	Anti-N*(1960)4(1)	1.96	0	4	-1	0	0	0	0.5	-1	24
5000404	N*(1950)4(1)	1.95	0	4	1	0	0	0	0.5	1	24
5000399	N*(1950)4(0)	1.95	0	4	1	0	0	0	0.5	0	24
5000181	Omega*(1950)2(-1)	1.95	0	2	1	-3	0	0	0	-1	2
5000039	omegaprime(1950)7(0)	1.95	0	7	0	0	0	0	0	0	52
2000064	K0*(1950)0	1.95	0.294	1	0	1	0	0	0.5	0	3
2000063	K0*(1950)+	1.95	0.294	1	0	1	0	0	0.5	1	3
33324	Ksi(1950)0	1.95	0.06	4	1	-2	0	0	0.5	0	3
33314	Ksi(1950)-	1.95	0.06	4	1	-2	0	0	0.5	-1	3
-33314	Anti-Ksi(1950)-	1.95	0.06	4	-1	2	0	0	0.5	1	3
-33324	Anti-Ksi(1950)0	1.95	0.06	4	-1	2	0	0	0.5	0	3
-2000063	Anti-K0*(1950)+	1.95	0.294	1	0	-1	0	0	0.5	-1	3
-2000064	Anti-K0*(1950)0	1.95	0.294	1	0	-1	0	0	0.5	0	3
-5000181	Anti-Omega*(1950)2(-1)	1.95	0	2	-1	3	0	0	0	1	2
-5000399	Anti-N*(1950)4(0)	1.95	0	4	-1	0	0	0	0.5	0	24
-5000404	Anti-N*(1950)4(1)	1.95	0	4	-1	0	0	0	0.5	-1	24
2001074	f2(1950)	1.944	0.472	5	0	0	0	0	0	0	4
2000047	Sigma(1940)P-	1.941	0.4	4	1	-1	0	0	1	-1	7
2000046	Sigma(1940)P0	1.941	0.4	4	1	-1	0	0	1	0	10
2000045	Sigma(1940)P+	1.941	0.4	4	1	-1	0	0	1	1	7
-2000045	Anti-Sigma(1940)P+	1.941	0.4	4	-1	1	0	0	1	-1	7
-2000046	Anti-Sigma(1940)P0	1.941	0.4	4	-1	1	0	0	1	0	10
-2000047	Anti-Sigma(1940)P-	1.941	0.4	4	-1	1	0	0	1	1	7
23224	Sigma(1940)M+	1.94	0.22	4	1	-1	0	0	1	1	4
23214	Sigma(1940)M0	1.94	0.22	4	1	-1	0	0	1	0	6
23114	Sigma(1940)M-	1.94	0.22	4	1	-1	0	0	1	-1	4
-23114	Anti-Sigma(1940)M-	1.94	0.22	4	-1	1	0	0	1	1	4
-23214	Anti-Sigma(1940)M0	1.94	0.22	4	-1	1	0	0	1	0	6
-23224	Anti-Sigma(1940)M+	1.94	0.22	4	-1	1	0	0	1	-1	4
4000007	a0(1950)+	1.931	0.271	1	0	0	0	0	1	1	2
4000006	a0(1950)0	1.931	0.271	1	0	0	0	0	1	0	3
-4000007	Anti-a0(1950)+	1.931	0.271	1	0	0	0	0	1	-1	2
12226	Delta(1930)++	1.93	0.35	6	1	0	0	0	1.5	2	2
12126	Delta(1930)+	1.93	0.35	6	1	0	0	0	1.5	1	4
11216	Delta(1930)0	1.93	0.35	6	1	0	0	0	1.5	0	4
11116	Delta(1930)-	1.93	0.35	6	1	0	0	0	1.5	-1	2
2228	Delta(1950)++	1.93	0.285	8	1	0	0	0	1.5	2	4
2218	Delta(1950)+	1.93	0.285	8	1	0	0	0	1.5	1	7
2118	Delta(1950)0	1.93	0.285	8	1	0	0	0	1.5	0	7
1118	Delta(1950)-	1.93	0.285	8	1	0	0	0	1.5	-1	4
-1118	Anti-Delta(1950)-	1.93	0.285	8	-1	0	0	0	1.5	1	4
-2118	Anti-Delta(1950)0	1.93	0.285	8	-1	0	0	0	1.5	0	7
-2218	Anti-Delta(1950)+	1.93	0.285	8	-1	0	0	0	1.5	-1	7
-2228	Anti-Delta(1950)++	1.93	0.285	8	-1	0	0	0	1.5	-2	4
-11116	Anti-Delta(1930)-	1.93	0.35	6	-1	0	0	0	1.5	1	2
-11216	Anti-Delta(1930)0	1.93	0.35	6	-1	0	0	0	1.5	0	4
-12126	Anti-Delta(1930)+	1.93	0.35	6	-1	0	0	0	1.5	-1	4
-12226	Anti-Delta(1930)++	1.93	0.35	6	-1	0	0	0	1.5	-2	2
5000088	rho(1921)3(0)	1.921	0	3	0	0	0	0	1	0	37
5000087	rho(1921)3(1)	1.921	0	3	0	0	0	0	1	1	33
5000011	omega(1921)3(0)	1.921	0	3	0	0	0	0	0	0	56
-5000087	Anti-rho(1921)3(1)	1.921	0	3	0	0	0	0	1	-1	33
22224	Delta(1920)++	1.92	0.26	4	1	0	0	0	1.5	2	6
22214	Delta(1920)+	1.92	0.26	4	1	0	0	0	1.5	1	10
22114	Delta(1920)0	1.92	0.26	4	1	0	0	0	1.5	0	10
21114	Delta(1920)-	1.92	0.26	4	1	0	0	0	1.5	-1	6
-21114	Anti-Delta(1920)-	1.92	0.26	4	-1	0	0	0	1.5	1	6
-22114	Anti-Delta(1920)0	1.92	0.26	4	-1	0	0	0	1.5	0	10
-22214	Anti-Delta(1920)+	1.92	0.26	4	-1	0	0	0	1.5	-1	10
-22224	Anti-Delta(1920)++	1.92	0.26	4	-1	0	0	0	1.5	-2	6
13226	Sigma(1915)+	1.915	0.12	6	1	-1	0	0	1	1	6
13216	Sigma(1915)0	1.915	0.12	6	1	-1	0	0	1	0	9
13116	Sigma(1915)-	1.915	0.12	6	1	-1	0	0	1	-1	6
-13116	Anti-Sigma(1915)-	1.915	0.12	6	-1	1	0	0	1	1	6
-13216	Anti-Sigma(1915)0	1.915	0.12	6	-1	1	0	0	1	0	9
-13226	Anti-Sigma(1915)+	1.915	0.12	6	-1	1	0	0	1	-1	6
5000266	Lambda*(1910)2(0)	1.91	0	2	1	-1	0	0	0	0	21
5000118	a(1910)7(0)	1.91	0	7	0	0	0	0	1	0	37
5000117	a(1910)7(1)	1.91	0	7	0	0	0	0	1	1	33
5000038	f(1910)7(0)	1.91	0	7	0	0	0	0	0	0	56
-5000117	Anti-a(1910)7(1)	1.91	0	7	0	0	0	0	1	-1	33
-5000266	Anti-Lambda*(1910)2(0)	1.91	0	2	-1	1	0	0	0	0	21
9040225	f2(1910)	1.903	0.196	5	0	0	0	0	0	0	4
5000255	Xsi*(1900)6(0)	1.9	0	6	1	-2	0	0	0.5	0	18
5000251	Xsi*(1900)6(-1)	1.9	0	6	1	-2	0	0	0.5	-1	18
2001063	rho(1900)0	1.9	0.1	3	0	0	0	0	1	0	2
2001062	rho(1900)+	1.9	0.1	3	0	0	0	0	1	1	2
2000044	Sigma(1900)-	1.9	0.191	2	1	-1	0	0	1	-1	4
2000043	Sigma(1900)0	1.9	0.191	2	1	-1	0	0	1	0	6
2000042	Sigma(1900)+	1.9	0.191	2	1	-1	0	0	1	1	4
2000010	N(1900)0	1.9	0.2	4	1	0	0	0	0.5	0	9
2000009	N(1900)+	1.9	0.2	4	1	0	0	0	0.5	1	9
-2000009	Anti-N(1900)+	1.9	0.2	4	-1	0	0	0	0.5	-1	9
-2000010	Anti-N(1900)0	1.9	0.2	4	-1	0	0	0	0.5	0	9
-2000042	Anti-Sigma(1900)+	1.9	0.191	2	-1	1	0	0	1	-1	4
-2000043	Anti-Sigma(1900)0	1.9	0.191	2	-1	1	0	0	1	0	6
-2000044	Anti-Sigma(1900)-	1.9	0.191	2	-1	1	0	0	1	1	4
-2001062	Anti-rho(1900)+	1.9	0.1	3	0	0	0	0	1	-1	2
-5000251	Anti-Xsi*(1900)6(-1)	1.9	0	6	-1	2	0	0	0.5	1	18
-5000255	Anti-Xsi*(1900)6(0)	1.9	0	6	-1	2	0	0	0.5	0	18
5000160	K*(1896)5(1)	1.896	0	5	0	1	0	0	0.5	1	33
5000159	K*(1896)5(0)	1.896	0	5	0	1	0	0	0.5	0	31
-5000159	Anti-K*(1896)5(0)	1.896	0	5	0	-1	0	0	0.5	0	31
-5000160	Anti-K*(1896)5(1)	1.896	0	5	0	-1	0	0	0.5	-1	33
5000010	omega(1895)3(0)	1.895	0	3	0	0	0	0	0	0	62
2001061	pi2(1880)0	1.895	0.235	5	0	0	0	0	1	0	4
2001060	pi2(1880)+	1.895	0.235	5	0	0	0	0	1	1	4
2000008	N(1895)0	1.895	0.253622195	2	1	0	0	0	0.5	0	11
2000007	N(1895)+	1.895	0.253630234	2	1	0	0	0	0.5	1	12
-2000007	Anti-N(1895)+	1.895	0.253630234	2	-1	0	0	0	0.5	-1	12
-2000008	Anti-N(1895)0	1.895	0.253622195	2	-1	0	0	0	0.5	0	11
-2001060	Anti-pi2(1880)+	1.895	0.235	5	0	0	0	0	1	-1	4
5000150	K*(1893)3(1)	1.893	0	3	0	1	0	0	0.5	1	33
5000149	K*(1893)3(0)	1.893	0	3	0	1	0	0	0.5	0	31
-5000149	Anti-K*(1893)3(0)	1.893	0	3	0	-1	0	0	0.5	0	31
-5000150	Anti-K*(1893)3(1)	1.893	0	3	0	-1	0	0	0.5	-1	33
23124	Lambda(1890)	1.89	0.1	4	1	-1	0	0	0	0	11
22222	Delta(1910)++	1.89	0.28	2	1	0	0	0	1.5	2	5
22122	Delta(1910)+	1.89	0.28	2	1	0	0	0	1.5	1	8
21212	Delta(1910)0	1.89	0.28	2	1	0	0	0	1.5	0	8
21112	Delta(1910)-	1.89	0.28	2	1	0	0	0	1.5	-1	5
-21112	Anti-Delta(1910)-	1.89	0.28	2	-1	0	0	0	1.5	1	5
-21212	Anti-Delta(1910)0	1.89	0.28	2	-1	0	0	0	1.5	0	8
-22122	Anti-Delta(1910)+	1.89	0.28	2	-1	0	0	0	1.5	-1	8
-22222	Anti-Delta(1910)++	1.89	0.28	2	-1	0	0	0	1.5	-2	5
-23124	Anti-Lambda(1890)	1.89	0.1	4	-1	1	0	0	0	0	11
5000116	b(1884)7(0)	1.884	0	7	0	0	0	0	1	0	37
5000115	b(1884)7(1)	1.884	0	7	0	0	0	0	1	1	33
-5000115	Anti-b(1884)7(1)	1.884	0	7	0	0	0	0	1	-1	33
5000237	Xsi*(1880)4(0)	1.88	0	4	1	-2	0	0	0.5	0	18
5000223	Xsi*(1880)4(-1)	1.88	0	4	1	-2	0	0	0.5	-1	18
2000041	Sigma(1880)-	1.88	0.1	2	1	-1	0	0	1	-1	5
2000040	Sigma(1880)0	1.88	0.1	2	1	-1	0	0	1	0	7
2000039	Sigma(1880)+	1.88	0.1	2	1	-1	0	0	1	1	5
2226	Delta(1905)++	1.88	0.33	6	1	0	0	0	1.5	2	4
2126	Delta(1905)+	1.88	0.33	6	1	0	0	0	1.5	1	7
1216	Delta(1905)0	1.88	0.33	6	1	0	0	0	1.5	0	7
1116	Delta(1905)-	1.88	0.33	6	1	0	0	0	1.5	-1	4
-1116	Anti-Delta(1905)-	1.88	0.33	6	-1	0	0	0	1.5	1	4
-1216	Anti-Delta(1905)0	1.88	0.33	6	-1	0	0	0	1.5	0	7
-2126	Anti-Delta(1905)+	1.88	0.33	6	-1	0	0	0	1.5	-1	7
-2226	Anti-Delta(1905)++	1.88	0.33	6	-1	0	0	0	1.5	-2	4
-2000039	Anti-Sigma(1880)+	1.88	0.1	2	-1	1	0	0	1	-1	5
-2000040	Anti-Sigma(1880)0	1.88	0.1	2	-1	1	0	0	1	0	7
-2000041	Anti-Sigma(1880)-	1.88	0.1	2	-1	1	0	0	1	1	5
-5000223	Anti-Xsi*(1880)4(-1)	1.88	0	4	-1	2	0	0	0.5	1	18
-5000237	Anti-Xsi*(1880)4(0)	1.88	0	4	-1	2	0	0	0.5	0	18
2000004	N(1875)0	1.875	0.249087142	4	1	0	0	0	0.5	0	10
2000003	N(1875)+	1.875	0.249096284	4	1	0	0	0	0.5	1	10
-2000003	Anti-N(1875)+	1.875	0.249096284	4	-1	0	0	0	0.5	-1	10
-2000004	Anti-N(1875)0	1.875	0.249087142	4	-1	0	0	0	0.5	0	10
2000006	N(1880)0	1.87	0.247953379	2	1	0	0	0	0.5	0	11
2000005	N(1880)+	1.87	0.247962796	2	1	0	0	0	0.5	1	11
-2000005	Anti-N(1880)+	1.87	0.247962796	2	-1	0	0	0	0.5	-1	11
-2000006	Anti-N(1880)0	1.87	0.247953379	2	-1	0	0	0	0.5	0	11
2000002	N(1860)0	1.86	0.245685852	6	1	0	0	0	0.5	0	7
2000001	N(1860)+	1.86	0.245695821	6	1	0	0	0	0.5	1	7
1133	Delta(1900)-	1.86	0.249835583	2	1	0	0	0	1.5	-1	6
1132	Delta(1900)0	1.86	0.243418326	2	1	0	0	0	1.5	0	10
1131	Delta(1900)+	1.86	0.243428846	2	1	0	0	0	1.5	1	10
1130	Delta(1900)++	1.86	0.249835583	2	1	0	0	0	1.5	2	6
-1130	Anti-Delta(1900)++	1.86	0.249835583	2	-1	0	0	0	1.5	-2	6
-1131	Anti-Delta(1900)+	1.86	0.243428846	2	-1	0	0	0	1.5	-1	10
-1132	Anti-Delta(1900)0	1.86	0.243418326	2	-1	0	0	0	1.5	0	10
-1133	Anti-Delta(1900)-	1.86	0.249835583	2	-1	0	0	0	1.5	1	6
-2000001	Anti-N(1860)+	1.86	0.245695821	6	-1	0	0	0	0.5	-1	7
-2000002	Anti-N(1860)0	1.86	0.245685852	6	-1	0	0	0	0.5	0	7
337	phi3(1850)	1.854	0.087	7	0	0	0	0	0	0	7
5000009	omegaprime(1845)3(0)	1.845	0	3	0	0	0	0	0	0	60
4000005	X(1840)	1.842	0.083	1	0	0	0	0	0	0	2
2001071	eta2(1870)	1.842	0.225	5	0	0	0	0	0	0	9
5000211	Xsi*(1840)2(0)	1.84	0	2	1	-2	0	0	0.5	0	18
5000196	Xsi*(1840)2(-1)	1.84	0	2	1	-2	0	0	0.5	-1	18
2000038	Sigma(1840)-	1.84	0.1	4	1	-1	0	0	1	-1	5
2000037	Sigma(1840)0	1.84	0.1	4	1	-1	0	0	1	0	7
2000036	Sigma(1840)+	1.84	0.1	4	1	-1	0	0	1	1	5
-2000036	Anti-Sigma(1840)+	1.84	0.1	4	-1	1	0	0	1	-1	5
-2000037	Anti-Sigma(1840)0	1.84	0.1	4	-1	1	0	0	1	0	7
-2000038	Anti-Sigma(1840)-	1.84	0.1	4	-1	1	0	0	1	1	5
-5000196	Anti-Xsi*(1840)2(-1)	1.84	0	2	-1	2	0	0	0.5	1	18
-5000211	Anti-Xsi*(1840)2(0)	1.84	0	2	-1	2	0	0	0.5	0	18
5000210	Xsi*(1835)2(0)	1.835	0	2	1	-2	0	0	0.5	0	17
5000195	Xsi*(1835)2(-1)	1.835	0	2	1	-2	0	0	0.5	-1	18
4000004	X(1835)	1.835	0.112	1	0	0	0	0	0	0	2
-5000195	Anti-Xsi*(1835)2(-1)	1.835	0	2	-1	2	0	0	0.5	1	18
-5000210	Anti-Xsi*(1835)2(0)	1.835	0	2	-1	2	0	0	0.5	0	17
2001038	K(1830)0	1.83	0.25	1	0	1	0	0	0.5	0	2
2001037	K(1830)+	1.83	0.25	1	0	1	0	0	0.5	1	2
13126	Lambda(1830)	1.83	0.095	6	1	-1	0	0	0	0	9
-13126	Anti-Lambda(1830)	1.83	0.095	6	-1	1	0	0	0	0	9
-2001037	Anti-K(1830)+	1.83	0.25	1	0	-1	0	0	0.5	-1	2
-2001038	Anti-K(1830)0	1.83	0.25	1	0	-1	0	0	0.5	0	2
13324	Ksi(1820)0	1.823	0.024	4	1	-2	0	0	0.5	0	7
13314	Ksi(1820)-	1.823	0.024	4	1	-2	0	0	0.5	-1	7
-13314	Anti-Ksi(1820)-	1.823	0.024	4	-1	2	0	0	0.5	1	7
-13324	Anti-Ksi(1820)0	1.823	0.024	4	-1	2	0	0	0.5	0	7
3126	Lambda(1820)	1.82	0.08	6	1	-1	0	0	0	0	9
-3126	Anti-Lambda(1820)	1.82	0.08	6	-1	1	0	0	0	0	9
20325	K2(1820)+	1.816	0.276	5	0	1	0	0	0.5	1	10
20315	K2(1820)0	1.816	0.276	5	0	1	0	0	0.5	0	10
-20315	Anti-K2(1820)0	1.816	0.276	5	0	-1	0	0	0.5	0	10
-20325	Anti-K2(1820)+	1.816	0.276	5	0	-1	0	0	0.5	-1	10
9030225	f2(1810)	1.815	0.197	5	0	0	0	0	0	0	3
5000209	Xsi*(1810)2(0)	1.81	0	2	1	-2	0	0	0.5	0	13
5000194	Xsi*(1810)2(-1)	1.81	0	2	1	-2	0	0	0.5	-1	13
53122	Lambda(1810)	1.81	0.15	2	1	-1	0	0	0	0	5
-53122	Anti-Lambda(1810)	1.81	0.15	2	-1	1	0	0	0	0	5
-5000194	Anti-Xsi*(1810)2(-1)	1.81	0	2	-1	2	0	0	0.5	1	13
-5000209	Anti-Xsi*(1810)2(0)	1.81	0	2	-1	2	0	0	0.5	0	13
200211	pi(1800)+	1.801	0.21	1	0	0	0	0	1	1	6
200111	pi(1800)0	1.801	0.21	1	0	0	0	0	1	0	7
-200211	Anti-pi(1800)+	1.801	0.21	1	0	0	0	0	1	-1	6
43122	Lambda(1800)	1.8	0.3	2	1	-1	0	0	0	0	10
-43122	Anti-Lambda(1800)	1.8	0.3	2	-1	1	0	0	0	0	10
5000104	a(1797)5(0)	1.797	0	5	0	0	0	0	1	0	43
5000103	a(1797)5(1)	1.797	0	5	0	0	0	0	1	1	37
-5000103	Anti-a(1797)5(1)	1.797	0	5	0	0	0	0	1	-1	37
5000102	a(1779)5(0)	1.779	0	5	0	0	0	0	1	0	46
5000101	a(1779)5(1)	1.779	0	5	0	0	0	0	1	1	37
-5000101	Anti-a(1779)5(1)	1.779	0	5	0	0	0	0	1	-1	37
327	K3*(1780)+	1.776	0.159	7	0	1	0	0	0.5	1	9
317	K3*(1780)0	1.776	0.159	7	0	1	0	0	0.5	0	9
-317	Anti-K3*(1780)0	1.776	0.159	7	0	-1	0	0	0.5	0	9
-327	Anti-K3*(1780)+	1.776	0.159	7	0	-1	0	0	0.5	-1	9
5000353	Lambda*(1775)6(0)	1.775	0	6	1	-1	0	0	0	0	16
3226	Sigma(1775)+	1.775	0.12	6	1	-1	0	0	1	1	7
3216	Sigma(1775)0	1.775	0.12	6	1	-1	0	0	1	0	8
3116	Sigma(1775)-	1.775	0.12	6	1	-1	0	0	1	-1	7
-3116	Anti-Sigma(1775)-	1.775	0.12	6	-1	1	0	0	1	1	7
-3216	Anti-Sigma(1775)0	1.775	0.12	6	-1	1	0	0	1	0	8
-3226	Anti-Sigma(1775)+	1.775	0.12	6	-1	1	0	0	1	-1	7
-5000353	Anti-Lambda*(1775)6(0)	1.775	0	6	-1	1	0	0	0	0	16
10325	K2(1770)+	1.773	0.186	5	0	1	0	0	0.5	1	5
10315	K2(1770)0	1.773	0.186	5	0	1	0	0	0.5	0	5
-10315	Anti-K2(1770)0	1.773	0.186	5	0	-1	0	0	0.5	0	5
-10325	Anti-K2(1770)+	1.773	0.186	5	0	-1	0	0	0.5	-1	5
2000035	Sigma(1770)-	1.77	0.1	2	1	-1	0	0	1	-1	5
2000034	Sigma(1770)0	1.77	0.1	2	1	-1	0	0	1	0	7
2000033	Sigma(1770)+	1.77	0.1	2	1	-1	0	0	1	1	5
-2000033	Anti-Sigma(1770)+	1.77	0.1	2	-1	1	0	0	1	-1	5
-2000034	Anti-Sigma(1770)0	1.77	0.1	2	-1	1	0	0	1	0	7
-2000035	Anti-Sigma(1770)-	1.77	0.1	2	-1	1	0	0	1	1	5
9040221	eta(1760)	1.756	0.096	1	0	0	0	0	0	0	4
5000341	Sigma*(1755)4(1)	1.755	0	4	1	-1	0	0	1	1	11
5000329	Sigma*(1755)4(0)	1.755	0	4	1	-1	0	0	1	0	14
5000317	Sigma*(1755)4(-1)	1.755	0	4	1	-1	0	0	1	-1	11
5000208	Xsi*(1755)2(0)	1.755	0	2	1	-2	0	0	0.5	0	13
5000193	Xsi*(1755)2(-1)	1.755	0	2	1	-2	0	0	0.5	-1	13
-5000193	Anti-Xsi*(1755)2(-1)	1.755	0	2	-1	2	0	0	0.5	1	13
-5000208	Anti-Xsi*(1755)2(0)	1.755	0	2	-1	2	0	0	0.5	0	13
-5000317	Anti-Sigma*(1755)4(-1)	1.755	0	4	-1	1	0	0	1	1	11
-5000329	Anti-Sigma*(1755)4(0)	1.755	0	4	-1	1	0	0	1	0	14
-5000341	Anti-Sigma*(1755)4(1)	1.755	0	4	-1	1	0	0	1	-1	11
23222	Sigma(1750)+	1.75	0.09	2	1	-1	0	0	1	1	5
23212	Sigma(1750)0	1.75	0.09	2	1	-1	0	0	1	0	7
23112	Sigma(1750)-	1.75	0.09	2	1	-1	0	0	1	-1	5
2248	Delta(1750)-	1.75	0.248270365	2	1	0	0	0	1.5	-1	4
2247	Delta(1750)+	1.75	0.220759095	2	1	0	0	0	1.5	1	7
2246	Delta(1750)++	1.75	0.248270365	2	1	0	0	0	1.5	2	4
2245	Delta(1750)0	1.75	0.22074306	2	1	0	0	0	1.5	0	7
-2245	Anti-Delta(1750)0	1.75	0.22074306	2	-1	0	0	0	1.5	0	7
-2246	Anti-Delta(1750)++	1.75	0.248270365	2	-1	0	0	0	1.5	-2	4
-2247	Anti-Delta(1750)+	1.75	0.220759095	2	-1	0	0	0	1.5	-1	7
-2248	Anti-Delta(1750)-	1.75	0.248270365	2	-1	0	0	0	1.5	1	4
-23112	Anti-Sigma(1750)-	1.75	0.09	2	-1	1	0	0	1	1	5
-23212	Anti-Sigma(1750)0	1.75	0.09	2	-1	1	0	0	1	0	7
-23222	Anti-Sigma(1750)+	1.75	0.09	2	-1	1	0	0	1	-1	5
5000086	a(1742)3(0)	1.742	0	3	0	0	0	0	1	0	46
5000085	a(1742)3(1)	1.742	0	3	0	0	0	0	1	1	37
5000008	f(1742)3(0)	1.742	0	3	0	0	0	0	0	0	57
-5000085	Anti-a(1742)3(1)	1.742	0	3	0	0	0	0	1	-1	37
9000215	a2(1700)+	1.732	0.19	5	0	0	0	0	1	1	3
9000115	a2(1700)0	1.732	0.19	5	0	0	0	0	1	0	4
-9000215	Anti-a2(1700)+	1.732	0.19	5	0	0	0	0	1	-1	3
2000032	Sigma(1730)-	1.727	0.276	4	1	-1	0	0	1	-1	5
2000031	Sigma(1730)0	1.727	0.276	4	1	-1	0	0	1	0	7
2000030	Sigma(1730)+	1.727	0.276	4	1	-1	0	0	1	1	5
-2000030	Anti-Sigma(1730)+	1.727	0.276	4	-1	1	0	0	1	-1	5
-2000031	Anti-Sigma(1730)0	1.727	0.276	4	-1	1	0	0	1	0	7
-2000032	Anti-Sigma(1730)-	1.727	0.276	4	-1	1	0	0	1	1	5
32124	N(1720)+	1.72	0.25	4	1	0	0	0	0.5	1	6
31214	N(1720)0	1.72	0.25	4	1	0	0	0	0.5	0	6
-31214	Anti-N(1720)0	1.72	0.25	4	-1	0	0	0	0.5	0	6
-32124	Anti-N(1720)+	1.72	0.25	4	-1	0	0	0	0.5	-1	6
30323	K*(1680)+	1.717	0.322	3	0	1	0	0	0.5	1	6
30313	K*(1680)0	1.717	0.322	3	0	1	0	0	0.5	0	6
-30313	Anti-K*(1680)0	1.717	0.322	3	0	-1	0	0	0.5	0	6
-30323	Anti-K*(1680)+	1.717	0.322	3	0	-1	0	0	0.5	-1	6
10331	f0(1710)	1.713	0.125	1	0	0	0	0	0	0	6
1143	Lambda(1710)	1.713	0.18	2	1	-1	0	0	0	0	9
-1143	Anti-Lambda(1710)	1.713	0.18	2	-1	1	0	0	0	0	9
42212	N(1710)+	1.71	0.1	2	1	0	0	0	0.5	1	10
42112	N(1710)0	1.71	0.1	2	1	0	0	0	0.5	0	10
-42112	Anti-N(1710)0	1.71	0.1	2	-1	0	0	0	0.5	0	10
-42212	Anti-N(1710)+	1.71	0.1	2	-1	0	0	0	0.5	-1	10
30213	rho(1700)+	1.7	0.24	3	0	0	0	0	1	1	7
30113	rho(1700)0	1.7	0.24	3	0	0	0	0	1	0	7
22124	N(1700)+	1.7	0.15	4	1	0	0	0	0.5	1	6
21214	N(1700)0	1.7	0.15	4	1	0	0	0	0.5	0	6
12224	Delta(1700)++	1.7	0.3	4	1	0	0	0	1.5	2	3
12214	Delta(1700)+	1.7	0.3	4	1	0	0	0	1.5	1	5
12114	Delta(1700)0	1.7	0.3	4	1	0	0	0	1.5	0	5
11114	Delta(1700)-	1.7	0.3	4	1	0	0	0	1.5	-1	3
-11114	Anti-Delta(1700)-	1.7	0.3	4	-1	0	0	0	1.5	1	3
-12114	Anti-Delta(1700)0	1.7	0.3	4	-1	0	0	0	1.5	0	5
-12214	Anti-Delta(1700)+	1.7	0.3	4	-1	0	0	0	1.5	-1	5
-12224	Anti-Delta(1700)++	1.7	0.3	4	-1	0	0	0	1.5	-2	3
-21214	Anti-N(1700)0	1.7	0.15	4	-1	0	0	0	0.5	0	6
-22124	Anti-N(1700)+	1.7	0.15	4	-1	0	0	0	0.5	-1	6
-30213	Anti-rho(1700)+	1.7	0.24	3	0	0	0	0	1	-1	7
5000297	Sigma*(1695)2(1)	1.695	0	2	1	-1	0	0	1	1	6
5000287	Sigma*(1695)2(0)	1.695	0	2	1	-1	0	0	1	0	8
5000277	Sigma*(1695)2(-1)	1.695	0	2	1	-1	0	0	1	-1	5
-5000277	Anti-Sigma*(1695)2(-1)	1.695	0	2	-1	1	0	0	1	1	5
-5000287	Anti-Sigma*(1695)2(0)	1.695	0	2	-1	1	0	0	1	0	8
-5000297	Anti-Sigma*(1695)2(1)	1.695	0	2	-1	1	0	0	1	-1	6
217	rho3(1690)+	1.691	0.161	7	0	0	0	0	1	1	7
117	rho3(1690)0	1.691	0.161	7	0	0	0	0	1	0	10
-217	Anti-rho3(1690)+	1.691	0.161	7	0	0	0	0	1	-1	7
23324	Ksi(1690)0	1.69	0.03	4	1	-2	0	0	0.5	0	9
23314	Ksi(1690)-	1.69	0.03	4	1	-2	0	0	0.5	-1	9
13124	Lambda(1690)	1.69	0.06	4	1	-1	0	0	0	0	11
-13124	Anti-Lambda(1690)	1.69	0.06	4	-1	1	0	0	0	0	11
-23314	Anti-Ksi(1690)-	1.69	0.03	4	-1	2	0	0	0.5	1	9
-23324	Anti-Ksi(1690)0	1.69	0.03	4	-1	2	0	0	0.5	0	9
12216	N(1680)+	1.685	0.13	6	1	0	0	0	0.5	1	8
12116	N(1680)0	1.685	0.13	6	1	0	0	0	0.5	0	8
-12116	Anti-N(1680)0	1.685	0.13	6	-1	0	0	0	0.5	0	8
-12216	Anti-N(1680)+	1.685	0.13	6	-1	0	0	0	0.5	-1	8
100333	phi(1680)	1.68	0.15	3	0	0	0	0	0	0	6
5000076	a(1679)1(0)	1.679	0	1	0	0	0	0	1	0	46
5000075	a(1679)1(1)	1.679	0	1	0	0	0	0	1	1	37
-5000075	Anti-a(1679)1(1)	1.679	0	1	0	0	0	0	1	-1	37
2216	N(1675)+	1.675	0.15	6	1	0	0	0	0.5	1	6
2116	N(1675)0	1.675	0.15	6	1	0	0	0	0.5	0	6
-2116	Anti-N(1675)0	1.675	0.15	6	-1	0	0	0	0.5	0	6
-2216	Anti-N(1675)+	1.675	0.15	6	-1	0	0	0	0.5	-1	6
3334	Omega	1.67245	0	4	1	-3	0	0	0	-1	1
-3334	Anti-Omega	1.67245	0	4	-1	3	0	0	0	1	1
33122	Lambda(1670)	1.67	0.035	2	1	-1	0	0	0	0	10
13224	Sigma(1670)+	1.67	0.06	4	1	-1	0	0	1	1	4
13214	Sigma(1670)0	1.67	0.06	4	1	-1	0	0	1	0	5
13114	Sigma(1670)-	1.67	0.06	4	1	-1	0	0	1	-1	4
10215	pi2(1670)+	1.67	0.259	5	0	0	0	0	1	1	5
10115	pi2(1670)0	1.67	0.259	5	0	0	0	0	1	0	7
-10215	Anti-pi2(1670)+	1.67	0.259	5	0	0	0	0	1	-1	5
-13114	Anti-Sigma(1670)-	1.67	0.06	4	-1	1	0	0	1	1	4
-13214	Anti-Sigma(1670)0	1.67	0.06	4	-1	1	0	0	1	0	5
-13224	Anti-Sigma(1670)+	1.67	0.06	4	-1	1	0	0	1	-1	4
-33122	Anti-Lambda(1670)	1.67	0.035	2	-1	1	0	0	0	0	10
227	omega3(1670)	1.667	0.168	7	0	0	0	0	0	0	7
9010213	pi1(1600)+	1.662	0.23	3	0	0	0	0	1	1	4
9010113	pi1(1600)0	1.662	0.23	3	0	0	0	0	1	0	5
-9010213	Anti-pi1(1600)+	1.662	0.23	3	0	0	0	0	1	-1	4
13222	Sigma(1660)+	1.66	0.1	2	1	-1	0	0	1	1	4
13212	Sigma(1660)0	1.66	0.1	2	1	-1	0	0	1	0	6
13112	Sigma(1660)-	1.66	0.1	2	1	-1	0	0	1	-1	4
-13112	Anti-Sigma(1660)-	1.66	0.1	2	-1	1	0	0	1	1	4
-13212	Anti-Sigma(1660)0	1.66	0.1	2	-1	1	0	0	1	0	6
-13222	Anti-Sigma(1660)+	1.66	0.1	2	-1	1	0	0	1	-1	4
32212	N(1650)+	1.655	0.14	2	1	0	0	0	0.5	1	12
32112	N(1650)0	1.655	0.14	2	1	0	0	0	0.5	0	12
-32112	Anti-N(1650)0	1.655	0.14	2	-1	0	0	0	0.5	0	12
-32212	Anti-N(1650)+	1.655	0.14	2	-1	0	0	0	0.5	-1	12
9000323	K1(1650)+	1.65	0.15	3	0	1	0	0	0.5	1	5
9000313	K1(1650)0	1.65	0.15	3	0	1	0	0	0.5	0	5
-9000313	Anti-K1(1650)0	1.65	0.15	3	0	-1	0	0	0.5	0	5
-9000323	Anti-K1(1650)+	1.65	0.15	3	0	-1	0	0	0.5	-1	5
30223	omega(1650)	1.649	0.22	3	0	0	0	0	0	0	5
9020213	a1(1640)+	1.647	0.254	3	0	0	0	0	1	1	3
9020113	a1(1640)0	1.647	0.254	3	0	0	0	0	1	0	4
-9020213	Anti-a1(1640)+	1.647	0.254	3	0	0	0	0	1	-1	3
5000307	Lambda*(1645)4(0)	1.645	0	4	1	-1	0	0	0	0	10
-5000307	Anti-Lambda*(1645)4(0)	1.645	0	4	-1	1	0	0	0	0	10
9020225	f2(1640)	1.639	0.099	5	0	0	0	0	0	0	7
2222	Delta(1620)++	1.63	0.14	2	1	0	0	0	1.5	2	3
2122	Delta(1620)+	1.63	0.14	2	1	0	0	0	1.5	1	5
1212	Delta(1620)0	1.63	0.14	2	1	0	0	0	1.5	0	5
1112	Delta(1620)-	1.63	0.14	2	1	0	0	0	1.5	-1	3
-1112	Anti-Delta(1620)-	1.63	0.14	2	-1	0	0	0	1.5	1	3
-1212	Anti-Delta(1620)0	1.63	0.14	2	-1	0	0	0	1.5	0	5
-2122	Anti-Delta(1620)+	1.63	0.14	2	-1	0	0	0	1.5	-1	5
-2222	Anti-Delta(1620)++	1.63	0.14	2	-1	0	0	0	1.5	-2	3
4000003	K(1630)0	1.629	0.016	3	0	1	0	0	0.5	0	1
4000002	K(1630)+	1.629	0.016	3	0	1	0	0	0.5	1	1
-4000002	Anti-K(1630)+	1.629	0.016	3	0	-1	0	0	0.5	-1	1
-4000003	Anti-K(1630)0	1.629	0.016	3	0	-1	0	0	0.5	0	1
2001048	Ksi(1620)0	1.62	0.03	4	1	-2	0	0	0.5	0	3
2001047	Ksi(1620)-	1.62	0.03	4	1	-2	0	0	0.5	-1	3
2000029	Sigma(1620)-	1.62	0.09	2	1	-1	0	0	1	-1	5
2000028	Sigma(1620)0	1.62	0.09	2	1	-1	0	0	1	0	7
2000027	Sigma(1620)+	1.62	0.09	2	1	-1	0	0	1	1	5
-2000027	Anti-Sigma(1620)+	1.62	0.09	2	-1	1	0	0	1	-1	5
-2000028	Anti-Sigma(1620)0	1.62	0.09	2	-1	1	0	0	1	0	7
-2000029	Anti-Sigma(1620)-	1.62	0.09	2	-1	1	0	0	1	1	5
-2001047	Anti-Ksi(1620)-	1.62	0.03	4	-1	2	0	0	0.5	1	3
-2001048	Anti-Ksi(1620)0	1.62	0.03	4	-1	2	0	0	0.5	0	3
10225	eta2(1645)	1.617	0.181	5	0	0	0	0	0	0	4
32224	Delta(1600)++	1.6	0.32	4	1	0	0	0	1.5	2	4
32214	Delta(1600)+	1.6	0.32	4	1	0	0	0	1.5	1	7
32114	Delta(1600)0	1.6	0.32	4	1	0	0	0	1.5	0	7
31114	Delta(1600)-	1.6	0.32	4	1	0	0	0	1.5	-1	4
23122	Lambda(1600)	1.6	0.15	2	1	-1	0	0	0	0	6
-23122	Anti-Lambda(1600)	1.6	0.15	2	-1	1	0	0	0	0	6
-31114	Anti-Delta(1600)-	1.6	0.32	4	-1	0	0	0	1.5	1	4
-32114	Anti-Delta(1600)0	1.6	0.32	4	-1	0	0	0	1.5	0	7
-32214	Anti-Delta(1600)+	1.6	0.32	4	-1	0	0	0	1.5	-1	7
-32224	Anti-Delta(1600)++	1.6	0.32	4	-1	0	0	0	1.5	-2	4
2000060	h1(1595)	1.594	0.384	3	0	0	0	0	0	0	2
2000026	Sigma(1580)-	1.58	0.015	4	1	-1	0	0	1	-1	5
2000025	Sigma(1580)0	1.58	0.015	4	1	-1	0	0	1	0	7
2000024	Sigma(1580)+	1.58	0.015	4	1	-1	0	0	1	1	5
-2000024	Anti-Sigma(1580)+	1.58	0.015	4	-1	1	0	0	1	-1	5
-2000025	Anti-Sigma(1580)0	1.58	0.015	4	-1	1	0	0	1	0	7
-2000026	Anti-Sigma(1580)-	1.58	0.015	4	-1	1	0	0	1	1	5
2000059	rho(1570)0	1.57	0.31	3	0	0	0	0	1	0	1
2000058	rho(1570)+	1.57	0.31	3	0	0	0	0	1	1	1
-2000058	Anti-rho(1570)+	1.57	0.31	3	0	0	0	0	1	-1	1
2000057	f2(1565)	1.565	0.076	5	0	0	0	0	0	0	4
5000265	Lambda*(1550)2(0)	1.55	0	2	1	-1	0	0	0	0	10
-5000265	Anti-Lambda*(1550)2(0)	1.55	0	2	-1	1	0	0	0	0	10
5000389	N*(1540)2(1)	1.54	0	2	1	0	0	0	0.5	1	10
5000383	N*(1540)2(0)	1.54	0	2	1	0	0	0	0.5	0	10
-5000383	Anti-N*(1540)2(0)	1.54	0	2	-1	0	0	0	0.5	0	10
-5000389	Anti-N*(1540)2(1)	1.54	0	2	-1	0	0	0	0.5	-1	10
22212	N(1535)+	1.535	0.15	2	1	0	0	0	0.5	1	9
22112	N(1535)0	1.535	0.15	2	1	0	0	0	0.5	0	9
3314	Ksi(1530)-	1.535	0.0099	4	1	-2	0	0	0.5	-1	2
-3314	Anti-Ksi(1530)-	1.535	0.0099	4	-1	2	0	0	0.5	1	2
-22112	Anti-N(1535)0	1.535	0.15	2	-1	0	0	0	0.5	0	9
-22212	Anti-N(1535)+	1.535	0.15	2	-1	0	0	0	0.5	-1	9
3324	Ksi(1530)0	1.5318	0.0091	4	1	-2	0	0	0.5	0	2
-3324	Anti-Ksi(1530)0	1.5318	0.0091	4	-1	2	0	0	0.5	0	2
335	f2'(1525)	1.525	0.076	5	0	0	0	0	0	0	4
3124	Lambda(1520)	1.5195	0.0156	4	1	-1	0	0	0	0	11
-3124	Anti-Lambda(1520)	1.5195	0.0156	4	-1	1	0	0	0	0	11
2001073	f1(1510)	1.518	0.073	3	0	0	0	0	0	0	6
2124	N(1520)+	1.515	0.115	4	1	0	0	0	0.5	1	8
1214	N(1520)0	1.515	0.115	4	1	0	0	0	0.5	0	8
-1214	Anti-N(1520)0	1.515	0.115	4	-1	0	0	0	0.5	0	8
-2124	Anti-N(1520)+	1.515	0.115	4	-1	0	0	0	0.5	-1	8
9020221	f0(1500)	1.507	0.109	1	0	0	0	0	0	0	12
2001070	eta(1475)	1.476	0.085	1	0	0	0	0	0	0	9
10211	a0(1450)+	1.474	0.265	1	0	0	0	0	1	1	3
10111	a0(1450)0	1.474	0.265	1	0	0	0	0	1	0	4
-10211	Anti-a0(1450)+	1.474	0.265	1	0	0	0	0	1	-1	3
100213	rho(1450)+	1.465	0.4	3	0	0	0	0	1	1	3
100113	rho(1450)0	1.465	0.4	3	0	0	0	0	1	0	4
-100213	Anti-rho(1450)+	1.465	0.4	3	0	0	0	0	1	-1	3
9000325	K2(1580)+	1.46	0.11	5	0	1	0	0	0.5	1	3
9000315	K2(1580)0	1.46	0.11	5	0	1	0	0	0.5	0	3
2001036	K(1460)0	1.46	0.255	1	0	1	0	0	0.5	0	5
2001035	K(1460)+	1.46	0.255	1	0	1	0	0	0.5	1	5
-2001035	Anti-K(1460)+	1.46	0.255	1	0	-1	0	0	0.5	-1	5
-2001036	Anti-K(1460)0	1.46	0.255	1	0	-1	0	0	0.5	0	5
-9000315	Anti-K2(1580)0	1.46	0.11	5	0	-1	0	0	0.5	0	3
-9000325	Anti-K2(1580)+	1.46	0.11	5	0	-1	0	0	0.5	-1	3
315	K2*(1430)0	1.432	0.109	5	0	1	0	0	0.5	0	10
-315	Anti-K2*(1430)0	1.432	0.109	5	0	-1	0	0	0.5	0	10
9000225	f2(1430)	1.43	0.013	5	0	0	0	0	0	0	5
12212	N(1440)+	1.43	0.35	2	1	0	0	0	0.5	1	8
12112	N(1440)0	1.43	0.35	2	1	0	0	0	0.5	0	8
-12112	Anti-N(1440)0	1.43	0.35	2	-1	0	0	0	0.5	0	8
-12212	Anti-N(1440)+	1.43	0.35	2	-1	0	0	0	0.5	-1	8
20333	f1(1420)	1.426	0.0555	3	0	0	0	0	0	0	6
325	K2*(1430)+	1.426	0.0985	5	0	1	0	0	0.5	1	10
-325	Anti-K2*(1430)+	1.426	0.0985	5	0	-1	0	0	0.5	-1	10
100223	omega(1420)	1.419	0.174	3	0	0	0	0	0	0	5
4000001	a1(1420)+	1.414	0.153	3	0	0	0	0	1	1	2
4000000	a1(1420)0	1.414	0.153	3	0	0	0	0	1	0	2
100323	K*(1410)+	1.414	0.232	3	0	1	0	0	0.5	1	7
100313	K*(1410)0	1.414	0.232	3	0	1	0	0	0.5	0	7
-100313	Anti-K*(1410)0	1.414	0.232	3	0	-1	0	0	0.5	0	7
-100323	Anti-K*(1410)+	1.414	0.232	3	0	-1	0	0	0.5	-1	7
-4000001	Anti-a1(1420)+	1.414	0.153	3	0	0	0	0	1	-1	2
10321	K0*(1430)+	1.412	0.294	1	0	1	0	0	0.5	1	3
10311	K0*(1430)0	1.412	0.294	1	0	1	0	0	0.5	0	3
-10311	Anti-K0*(1430)0	1.412	0.294	1	0	-1	0	0	0.5	0	3
-10321	Anti-K0*(1430)+	1.412	0.294	1	0	-1	0	0	0.5	-1	3
2001069	eta(1405)	1.409	0.051	1	0	0	0	0	0	0	5
13122	Lambda(1405)	1.406	0.05	2	1	-1	0	0	0	0	3
-13122	Anti-Lambda(1405)	1.406	0.05	2	-1	1	0	0	0	0	3
20323	K1(1400)+	1.402	0.174	3	0	1	0	0	0.5	1	5
20313	K1(1400)0	1.402	0.174	3	0	1	0	0	0.5	0	5
-20313	Anti-K1(1400)0	1.402	0.174	3	0	-1	0	0	0.5	0	5
-20323	Anti-K1(1400)+	1.402	0.174	3	0	-1	0	0	0.5	-1	5
3114	Sigma(1385)-	1.3872	0.0394	4	1	-1	0	0	1	-1	3
-3114	Anti-Sigma(1385)-	1.3872	0.0394	4	-1	1	0	0	1	1	3
10333	h1(1380)	1.3861	0.091	3	0	0	0	0	0	0	3
3214	Sigma(1385)0	1.3837	0.036	4	1	-1	0	0	1	0	4
-3214	Anti-Sigma(1385)0	1.3837	0.036	4	-1	1	0	0	1	0	4
3224	Sigma(1385)+	1.3828	0.036	4	1	-1	0	0	1	1	3
-3224	Anti-Sigma(1385)+	1.3828	0.036	4	-1	1	0	0	1	-1	3
9000213	pi1(1400)+	1.351	0.31	3	0	0	0	0	1	1	1
9000113	pi1(1400)0	1.351	0.31	3	0	0	0	0	1	0	1
-9000213	Anti-pi1(1400)+	1.351	0.31	3	0	0	0	0	1	-1	1
10221	f0(1370)	1.35	0.35	1	0	0	0	0	0	0	4
3312	Ksi-	1.32131	0	2	1	-2	0	0	0.5	-1	1
-3312	Anti-Ksi-	1.32131	0	2	-1	2	0	0	0.5	1	1
215	a2(1320)+	1.318	0.107	5	0	0	0	0	1	1	5
115	a2(1320)0	1.318	0.107	5	0	0	0	0	1	0	7
-215	Anti-a2(1320)+	1.318	0.107	5	0	0	0	0	1	-1	5
3322	Ksi0	1.31483	0	2	1	-2	0	0	0.5	0	1
-3322	Anti-Ksi0	1.31483	0	2	-1	2	0	0	0.5	0	1
100211	pi(1300)+	1.3	0.4	1	0	0	0	0	1	1	5
100111	pi(1300)0	1.3	0.4	1	0	0	0	0	1	0	6
-100211	Anti-pi(1300)+	1.3	0.4	1	0	0	0	0	1	-1	5
100221	eta(1295)	1.293	0.055	1	0	0	0	0	0	0	6
20223	f1(1285)	1.282	0.024	3	0	0	0	0	0	0	11
225	f2(1270)	1.275	0.1851	5	0	0	0	0	0	0	6
10323	K1(1270)+	1.2731	0.09	3	0	1	0	0	0.5	1	4
10313	K1(1270)0	1.2731	0.09	3	0	1	0	0	0.5	0	4
-10313	Anti-K1(1270)0	1.2731	0.09	3	0	-1	0	0	0.5	0	4
-10323	Anti-K1(1270)+	1.2731	0.09	3	0	-1	0	0	0.5	-1	4
2224	Delta(1232)++	1.232	0.12	4	1	0	0	0	1.5	2	1
2214	Delta(1232)+	1.232	0.12	4	1	0	0	0	1.5	1	2
2114	Delta(1232)0	1.232	0.12	4	1	0	0	0	1.5	0	2
1114	Delta(1232)-	1.232	0.12	4	1	0	0	0	1.5	-1	1
-1114	Anti-Delta(1232)-	1.232	0.12	4	-1	0	0	0	1.5	1	1
-2114	Anti-Delta(1232)0	1.232	0.12	4	-1	0	0	0	1.5	0	2
-2214	Anti-Delta(1232)+	1.232	0.12	4	-1	0	0	0	1.5	-1	2
-2224	Anti-Delta(1232)++	1.232	0.12	4	-1	0	0	0	1.5	-2	1
20213	a1(1260)+	1.23	0.425	3	0	0	0	0	1	1	2
20113	a1(1260)0	1.23	0.425	3	0	0	0	0	1	0	2
10213	b1(1235)+	1.23	0.142	3	0	0	0	0	1	1	2
10113	b1(1235)0	1.23	0.142	3	0	0	0	0	1	0	2
-10213	Anti-b1(1235)+	1.23	0.142	3	0	0	0	0	1	-1	2
-20213	Anti-a1(1260)+	1.23	0.425	3	0	0	0	0	1	-1	2
3112	Sigma-	1.1975	0	2	1	-1	0	0	1	-1	1
-3112	Anti-Sigma-	1.1975	0	2	-1	1	0	0	1	1	1
3212	Sigma0	1.1926	0	2	1	-1	0	0	1	0	1
-3212	Anti-Sigma0	1.1926	0	2	-1	1	0	0	1	0	1
3222	Sigma+	1.1894	0	2	1	-1	0	0	1	1	1
-3222	Anti-Sigma+	1.1894	0	2	-1	1	0	0	1	-1	1
5000001	f(1176)1(0)	1.176	0	1	0	0	0	0	0	0	23
10223	h1(1170)	1.17	0.36	3	0	0	0	0	0	0	4
3122	Lambda	1.11568	0	2	1	-1	0	0	0	0	1
-3122	Anti-Lambda	1.11568	0	2	-1	1	0	0	0	0	1
333	phi(1020)	1.019	0.00426	3	0	0	0	0	0	0	8
9010221	f0(980)	0.99	0.07	1	0	0	0	0	0	0	3
9000211	a0(980)+	0.98	0.075	1	0	0	0	0	1	1	1
9000111	a0(980)0	0.98	0.075	1	0	0	0	0	1	0	1
-9000211	Anti-a0(980)+	0.98	0.075	1	0	0	0	0	1	-1	1
331	eta'(958)	0.958	0.0002	1	0	0	0	0	0	0	4
2112	n	0.9396	0	2	1	0	0	0	0.5	0	1
-2112	Anti-n	0.9396	0	2	-1	0	0	0	0.5	0	1
2212	p	0.9383	0	2	1	0	0	0	0.5	1	1
-2212	Anti-p	0.9383	0	2	-1	0	0	0	0.5	-1	1
313	K*(892)0	0.896	0.0507	3	0	1	0	0	0.5	0	2
-313	Anti-K*(892)0	0.896	0.0507	3	0	-1	0	0	0.5	0	2
323	K*(892)+	0.892	0.0508	3	0	1	0	0	0.5	1	2
-323	Anti-K*(892)+	0.892	0.0508	3	0	-1	0	0	0.5	-1	2
223	omega(782)	0.783	0.00844	3	0	0	0	0	0	0	3
213	rho+	0.775	0.1492	3	0	0	0	0	1	1	1
113	rho0	0.775	0.1492	3	0	0	0	0	1	0	1
-213	Anti-rho+	0.775	0.1492	3	0	0	0	0	1	-1	1
221	eta	0.547	0.00118	1	0	0	0	0	0	0	3
311	K0	0.498	0	1	0	1	0	0	0.5	0	1
-311	Anti-K0	0.498	0	1	0	-1	0	0	0.5	0	1
321	K+	0.494	0	1	0	1	0	0	0.5	1	1
-321	Anti-K+	0.494	0	1	0	-1	0	0	0.5	-1	1
211	pi+	0.14	0	1	0	0	0	0	1	1	1
-211	Anti-pi+	0.14	0	1	0	0	0	0	1	-1	1
111	pi0	0.135	0	1	0	0	0	0	1	0	1
#22	Gamma	0	0	2	0	0	0	0	0	0	1
