#====================================================================================
#                                 Hadrons: M < 3 GeV
#
#  Contains all 488 hadrons (particles+anti-particles) with known spins & 
#  mass < 3 GeV that appear in: 
# [1] P.A. Zyla et al. (Particle Data Group), Prog. Theor. Exp. Phys. 2020, 083C01 (2020).
# [2] Simon Capstick, Nathan Isgur, Phys. Rev. D 34, 2809 (1986), Baryons in a Relativized Quark Model with Chromodynamics
# [3] R. N. Faustov and V. O. Galkin, Phys. Rev. D 92, 054005 (2015), Strange baryon spectroscopy in the relativistic quark model
#
#  Notations:
#      M:    mass
#      Q:    electric charge
#      B:    baryon number
#      S:    strangeness
#      C:    charmness
#      B':   bottomness
#      g:    spin degeneracy
#      w:    boson (+1) / fermion (-1) statistics
#   *,**:    The PDG notation of established particles
#
#  || state  ||  M  ||  Q  ||  B  ||  S  ||  C  ||  g  ||  w  ||
#====================================================================================
#----------------------------------
#  mesons:  S=0, C=0, B'=0
#----------------------------------
pi+            139.57   1   0   0   0   1   1
pi-            139.57  -1   0   0   0   1   1
pi0            134.98   0   0   0   0   1   1
eta            547.85   0   0   0   0   1   1
f0             600.00   0   0   0   0   1   1
rho+           775.49   1   0   0   0   3   1
rho-           775.49  -1   0   0   0   3   1
rho0           775.49   0   0   0   0   3   1
omg            782.65   0   0   0   0   3   1
eta'           957.78   0   0   0   0   1   1
f0             980.00   0   0   0   0   1   1
a0+            980.00   1   0   0   0   1   1
a0-            980.00  -1   0   0   0   1   1
a00            980.00   0   0   0   0   1   1
phi           1019.46   0   0   0   0   3   1
h1            1170.00   0   0   0   0   3   1
b1+           1229.50   1   0   0   0   3   1
b1-           1229.50  -1   0   0   0   3   1
b10           1229.50   0   0   0   0   3   1
a1+           1230.00   1   0   0   0   3   1
a1-           1230.00  -1   0   0   0   3   1
a10           1230.00   0   0   0   0   3   1
f2            1275.10   0   0   0   0   5   1
f1            1281.80   0   0   0   0   3   1
eta_1295      1294.00   0   0   0   0   1   1
pi+_1300      1300.00   1   0   0   0   1   1
pi-_1300      1300.00  -1   0   0   0   1   1
pi0_1300      1300.00   0   0   0   0   1   1
a2+           1318.30   1   0   0   0   5   1
a2-           1318.30  -1   0   0   0   5   1
a20           1318.30   0   0   0   0   5   1
f0_1370       1370.00   0   0   0   0   1   1
pi1+          1354.00   1   0   0   0   3   1
pi1-          1354.00  -1   0   0   0   3   1
pi10          1354.00   0   0   0   0   3   1
eta_1405      1409.80   0   0   0   0   1   1
f1_1420       1426.40   0   0   0   0   3   1
omg_1420      1425.00   0   0   0   0   3   1
rho+_1450     1465.00   1   0   0   0   3   1
rho-_1450     1465.00  -1   0   0   0   3   1
rho0_1450     1465.00   0   0   0   0   3   1
a0+_1450      1474.00   1   0   0   0   1   1
a0-_1450      1474.00  -1   0   0   0   1   1
a00_1450      1474.00   0   0   0   0   1   1
eta_1475      1476.00   0   0   0   0   1   1
f0_1500       1505.00   0   0   0   0   1   1
f2'_1525      1525.00   0   0   0   0   5   1
pi1+_1600     1662.00   1   0   0   0   3   1
pi1-_1600     1662.00  -1   0   0   0   3   1
pi10_1600     1662.00   0   0   0   0   3   1
eta2_1645     1617.00   0   0   0   0   5   1
omg_1650      1670.00   0   0   0   0   3   1
omg3_1670     1667.00   0   0   0   0   7   1
pi2+_1670     1672.20   1   0   0   0   5   1
pi2-_1670     1672.20  -1   0   0   0   5   1
pi20_1670     1672.20   0   0   0   0   5   1
phi_1680      1680.00   0   0   0   0   3   1
rho3+_1690    1688.80   1   0   0   0   7   1
rho3-_1690    1688.80  -1   0   0   0   7   1
rho30_1690    1688.80   0   0   0   0   7   1
rho+_1700     1720.00   1   0   0   0   3   1
rho-_1700     1720.00  -1   0   0   0   3   1
rho0_1700     1720.00   0   0   0   0   3   1
f0_1710       1720.00   0   0   0   0   1   1
pi+_1800      1812.00   1   0   0   0   1   1
pi-_1800      1812.00  -1   0   0   0   1   1
pi0_1800      1812.00   0   0   0   0   1   1
phi3_1850     1854.00   0   0   0   0   7   1
pi2+_1880     1895.00   1   0   0   0   5   1
pi2-_1880     1895.00  -1   0   0   0   5   1
pi20_1880     1895.00   0   0   0   0   5   1
f2_1950       1944.00   0   0   0   0   5   1
f2_2010       2011.00   0   0   0   0   5   1
a4+_2040      1996.00   1   0   0   0   9   1
a4-_2040      1996.00  -1   0   0   0   9   1
a40_2040      1996.00   0   0   0   0   9   1
f4_2050       2018.00   0   0   0   0   9   1
phi_2170      2175.00   0   0   0   0   3   1
f2_2300       2297.00   0   0   0   0   5   1
f2_2340       2339.00   0   0   0   0   5   1
#----------------------------------
#  mesons:  S=/=0, C=0, B'=0
#----------------------------------
K+             493.68   1   0   1   0   1   1
K-             493.68  -1   0  -1   0   1   1
K0             497.61   0   0   1   0   1   1
aK0            497.61   0   0  -1   0   1   1
K*+            891.66   1   0   1   0   3   1
K*-            891.66  -1   0  -1   0   3   1
K*0            896.10   0   0   1   0   3   1
aK*0           896.10   0   0  -1   0   3   1
K1+_1270      1272.00   1   0   1   0   3   1
K1-_1270      1272.00  -1   0  -1   0   3   1
K10_1270      1272.00   0   0   1   0   3   1
aK10_1270     1272.00   0   0  -1   0   3   1
K1+_1400      1403.00   1   0   1   0   3   1
K1-_1400      1403.00  -1   0  -1   0   3   1
K10_1400      1403.00   0   0   1   0   3   1
aK10_1400     1403.00   0   0  -1   0   3   1
K*+_1410      1414.00   1   0   1   0   3   1
K*-_1410      1414.00  -1   0  -1   0   3   1
K*0_1410      1414.00   0   0   1   0   3   1
aK*0_1410     1414.00   0   0  -1   0   3   1
K*+_1430      1425.00   1   0   1   0   1   1
K*-_1430      1425.00  -1   0  -1   0   1   1
K*0_1430      1425.00   0   0   1   0   1   1
aK*0_1430     1425.00   0   0  -1   0   1   1
K2*+_1430     1425.60   1   0   1   0   5   1
K2*-_1430     1425.60  -1   0  -1   0   5   1
K2*0_1430     1425.60   0   0   1   0   5   1
aK2*0_1430    1425.60   0   0  -1   0   5   1
K*+_1680      1717.00   1   0   1   0   3   1
K*-_1680      1717.00  -1   0  -1   0   3   1
K*0_1680      1717.00   0   0   1   0   3   1
aK*0_1680     1717.00   0   0  -1   0   3   1
K2+_1770      1773.00   1   0   1   0   5   1
K2-_1770      1773.00  -1   0  -1   0   5   1
K20_1770      1773.00   0   0   1   0   5   1
aK20_1770     1773.00   0   0  -1   0   5   1
K3*+_1780     1776.00   1   0   1   0   7   1
K3*-_1780     1776.00  -1   0  -1   0   7   1
K3*0_1780     1776.00   0   0   1   0   7   1
aK3*0_1780    1776.00   0   0  -1   0   7   1
K4*+_2045     2045.00   1   0   1   0   9   1
K4*-_2045     2045.00  -1   0  -1   0   9   1
K4*0_2045     2045.00   0   0   1   0   9   1
aK4*0_2045    2045.00   0   0  -1   0   9   1 % PDG up to here
K+_1538       1538.00   1   0   1   0   1   1 % 26 additional states
K-_1538       1538.00  -1   0  -1   0   1   1 % from Ebert et al.
K0_1538       1538.00   0   0   1   0   1   1
aK0_1538      1538.00   0   0  -1   0   1   1
K+_1675       1675.00   1   0   1   0   3   1
K-_1675       1675.00  -1   0  -1   0   3   1
K0_1675       1675.00   0   0   1   0   3   1
aK0_1675      1675.00   0   0  -1   0   3   1
K+_1824       1824.00   1   0   1   0   5   1
K-_1824       1824.00  -1   0  -1   0   5   1
K0_1824       1824.00   0   0   1   0   5   1
aK0_1824      1824.00   0   0  -1   0   5   1
K+_1791       1791.00   1   0   1   0   1   1
K-_1791       1791.00  -1   0  -1   0   1   1
K0_1791       1791.00   0   0   1   0   1   1
aK0_1791      1791.00   0   0  -1   0   1   1
K+_1893       1893.00   1   0   1   0   3   1
K-_1893       1893.00  -1   0  -1   0   3   1
K0_1893       1893.00   0   0   1   0   3   1
aK0_1893      1893.00   0   0  -1   0   3   1
K+_1757       1757.00   1   0   1   0   3   1
K-_1757       1757.00  -1   0  -1   0   3   1
K0_1757       1757.00   0   0   1   0   3   1
aK0_1757      1757.00   0   0  -1   0   3   1
K+_1964       1964.00   1   0   1   0   5   1
K-_1964       1964.00  -1   0  -1   0   5   1
K0_1964       1964.00   0   0   1   0   5   1
aK0_1964      1964.00   0   0  -1   0   5   1
K+_2080       2080.00   1   0   1   0   7   1
K-_2080       2080.00  -1   0  -1   0   7   1
K0_2080       2080.00   0   0   1   0   7   1
aK0_2080      2080.00   0   0  -1   0   7   1
K+_2009       2009.00   1   0   1   0   7   1
K-_2009       2009.00  -1   0  -1   0   7   1
K0_2009       2009.00   0   0   1   0   7   1
aK0_2009      2009.00   0   0  -1   0   7   1
K+_2065       2065.00   1   0   1   0   1   1
K-_2065       2065.00  -1   0  -1   0   1   1
K0_2065       2065.00   0   0   1   0   1   1
aK0_2065      2065.00   0   0  -1   0   1   1
K+_2156       2156.00   1   0   1   0   3   1
K-_2156       2156.00  -1   0  -1   0   3   1
K0_2156       2156.00   0   0   1   0   3   1
aK0_2156      2156.00   0   0  -1   0   3   1
K+_2063       2063.00   1   0   1   0   3   1
K-_2063       2063.00  -1   0  -1   0   3   1
K0_2063       2063.00   0   0   1   0   3   1
aK0_2063      2063.00   0   0  -1   0   3   1
K+_2182       2182.00   1   0   1   0   7   1
K-_2182       2182.00  -1   0  -1   0   7   1
K0_2182       2182.00   0   0   1   0   7   1
aK0_2182      2182.00   0   0  -1   0   7   1
K+_2163       2163.00   1   0   1   0   5   1
K-_2163       2163.00  -1   0  -1   0   5   1
K0_2163       2163.00   0   0   1   0   5   1
aK0_2163      2163.00   0   0  -1   0   5   1
K+_2066       2066.00   1   0   1   0   5   1
K-_2066       2066.00  -1   0  -1   0   5   1
K0_2066       2066.00   0   0   1   0   5   1
aK0_2066      2066.00   0   0  -1   0   5   1
K+_2160       2160.00   1   0   1   0   1   1
K-_2160       2160.00  -1   0  -1   0   1   1
K0_2160       2160.00   0   0   1   0   1   1
aK0_2160      2160.00   0   0  -1   0   1   1
K+_2206       2206.00   1   0   1   0   5   1
K-_2206       2206.00  -1   0  -1   0   5   1
K0_2206       2206.00   0   0   1   0   5   1
aK0_2206      2206.00   0   0  -1   0   5   1
K+_2200       2200.00   1   0   1   0   3   1
K-_2200       2200.00  -1   0  -1   0   3   1
K0_2200       2200.00   0   0   1   0   3   1
aK0_2200      2200.00   0   0  -1   0   3   1
K+_2164       2164.00   1   0   1   0   3   1
K-_2164       2164.00  -1   0  -1   0   3   1
K0_2164       2164.00   0   0   1   0   3   1
aK0_2164      2164.00   0   0  -1   0   3   1
K+_2207       2207.00   1   0   1   0   7   1
K-_2207       2207.00  -1   0  -1   0   7   1
K0_2207       2207.00   0   0   1   0   7   1
aK0_2207      2207.00   0   0  -1   0   7   1
K+_2356       2356.00   1   0   1   0  11   1
K-_2356       2356.00  -1   0  -1   0  11   1
K0_2356       2356.00   0   0   1   0  11   1
aK0_2356      2356.00   0   0  -1   0  11   1
K+_2285       2285.00   1   0   1   0   9   1
K-_2285       2285.00  -1   0  -1   0   9   1
K0_2285       2285.00   0   0   1   0   9   1
aK0_2285      2285.00   0   0  -1   0   9   1
K+_2255       2255.00   1   0   1   0   9   1
K-_2255       2255.00  -1   0  -1   0   9   1
K0_2255       2255.00   0   0   1   0   9   1
aK0_2255      2255.00   0   0  -1   0   9   1
K+_2436       2436.00   1   0   1   0   9   1
K-_2436       2436.00  -1   0  -1   0   9   1
K0_2436       2436.00   0   0   1   0   9   1
aK0_2436      2436.00   0   0  -1   0   9   1
K+_2348       2348.00   1   0   1   0   7   1
K-_2348       2348.00  -1   0  -1   0   7   1
K0_2348       2348.00   0   0   1   0   7   1
aK0_2348      2348.00   0   0  -1   0   7   1
K+_2656       2656.00   1   0   1   0  11   1
K-_2656       2656.00  -1   0  -1   0  11   1
K0_2656       2656.00   0   0   1   0  11   1
aK0_2656      2656.00   0   0  -1   0  11   1
K+_2575       2575.00   1   0   1   0   9   1
K-_2575       2575.00  -1   0  -1   0   9   1
K0_2575       2575.00   0   0   1   0   9   1
aK0_2575      2575.00   0   0  -1   0   9   1
#----------------------------------
#  mesons:  S=0, C=/=0, B'=0
#----------------------------------
D+            1869.57   1   0   0   1   1   1
D-            1869.57  -1   0   0  -1   1   1
D0            1864.80   0   0   0   1   1   1
aD0           1864.80   0   0   0  -1   1   1
D*+           2010.22   1   0   0   1   3   1
D*-           2010.22  -1   0   0  -1   3   1
D0-           2006.93   0   0   0   1   3   1
aD0-          2006.93   0   0   0  -1   3   1
D0*0_2400     2318.00   0   0   0   1   1   1
aD0*0_2400    2318.00   0   0   0  -1   1   1
D10_2420      2421.30   0   0   0   1   3   1
aD10_2420     2421.30   0   0   0  -1   3   1
D2*+_2460     2464.40   1   0   0   1   5   1
D2*-_2460     2464.40  -1   0   0  -1   5   1
D2*0_2460     2462.60   0   0   0   1   5   1
aD2*0_2460    2462.60   0   0   0  -1   5   1
#----------------------------------
#  mesons:  S=/=0, C=/=0, B'=0
#----------------------------------
Ds+           1968.45   1   0   1   1   1   1
Ds-           1968.45  -1   0  -1  -1   1   1
Ds*+          2112.30   1   0   1   1   3   1
Ds*-          2112.30  -1   0  -1  -1   3   1
Ds0*+_2317    2317.80   1   0   1   1   1   1
Ds0*-_2317    2317.80  -1   0  -1  -1   1   1
Ds1+_2460     2459.50   1   0   1   1   3   1
Ds1-_2460     2459.50  -1   0  -1  -1   3   1
Ds1+_2536     2535.28   1   0   1   1   3   1
Ds1-_2536     2535.28  -1   0  -1  -1   3   1
Ds2*+_2573    2572.60   1   0   1   1   5   1
Ds2*-_2573    2572.60  -1   0  -1  -1   5   1
#----------------------------------
#  mesons: c--cbar
#----------------------------------
etac_1S       2980.30   0   0   0   0   1   1
Jpsi_1S       3096.92   0   0   0   0   3   1
chic0_1P      3414.75   0   0   0   0   1   1
chic1_1P      3510.66   0   0   0   0   3   1
hc_1P         3525.41   0   0   0   0   3   1
chic2_1P      3556.20   0   0   0   0   5   1
etac_2S       3637.00   0   0   0   0   1   1
psi_2S        3686.09   0   0   0   0   3   1
psi_3770      3772.92   0   0   0   0   3   1
chic2_2p      3927.20   0   0   0   0   5   1
psi_4040      4039.00   0   0   0   0   3   1
psi_4160      4153.00   0   0   0   0   3   1
X_4260        4263.00   0   0   0   0   3   1
psi_4415      4421.00   0   0   0   0   3   1
#----------------------------------
#  mesons: S=0, C=0, B'=/=0
#----------------------------------
B+            5279.17   1   0   0   0   1   1
B-            5279.17  -1   0   0   0   1   1
B0            5279.50   0   0   0   0   1   1
aB0           5279.50   0   0   0   0   1   1
B*+           5325.10   1   0   0   0   3   1
B*-           5325.10  -1   0   0   0   3   1
B*0           5325.10   0   0   0   0   3   1
aB*0          5325.10   0   0   0   0   3   1
B1+_5721      5723.40   1   0   0   0   3   1
B1-_5721      5723.40  -1   0   0   0   3   1
B10_5721      5723.40   0   0   0   0   3   1
aB10_5721     5723.40   0   0   0   0   3   1
B2*+_5747     5743.00   1   0   0   0   5   1
B2*-_5747     5743.00  -1   0   0   0   5   1
B2*0_5747     5743.00   0   0   0   0   5   1
aB2*0_5747    5743.00   0   0   0   0   5   1
#----------------------------------
#  mesons: S=/=0, C=0, B'=/=0
#----------------------------------
Bs0           5366.30   0   0  -1   0   1   1
aBs0          5366.30   0   0   1   0   1   1
Bs*           5415.40   0   0  -1   0   3   1
aBs*          5415.40   0   0   1   0   3   1
Bs1_5830      5829.40   0   0  -1   0   3   1
aBs1_5830     5829.40   0   0   1   0   3   1
Bs2*_5840     5839.70   0   0  -1   0   5   1
aBs2*_5840    5839.70   0   0   1   0   5   1
#----------------------------------
#  baryons: I=1/2, S=0, C=0, B'=0
#----------------------------------
p              938.27   1   1   0   0   2  -1
ap             938.27  -1  -1   0   0   2  -1
n              939.57   0   1   0   0   2  -1
an             939.57   0  -1   0   0   2  -1
p_1440        1440.00   1   1   0   0   2  -1
ap_1440       1440.00  -1  -1   0   0   2  -1
n_1440        1440.00   0   1   0   0   2  -1
an_1440       1440.00   0  -1   0   0   2  -1
p_1520        1520.00   1   1   0   0   4  -1
ap_1520       1520.00  -1  -1   0   0   4  -1
n_1520        1520.00   0   1   0   0   4  -1
an_1520       1520.00   0  -1   0   0   4  -1
p_1535        1535.00   1   1   0   0   2  -1
ap_1535       1535.00  -1  -1   0   0   2  -1
n_1535        1535.00   0   1   0   0   2  -1
an_1535       1535.00   0  -1   0   0   2  -1
p_1650        1655.00   1   1   0   0   2  -1
ap_1650       1655.00  -1  -1   0   0   2  -1
n_1650        1655.00   0   1   0   0   2  -1
an_1650       1655.00   0  -1   0   0   2  -1
p_1675        1675.00   1   1   0   0   6  -1
ap_1675       1675.00  -1  -1   0   0   6  -1
n_1675        1675.00   0   1   0   0   6  -1
an_1675       1675.00   0  -1   0   0   6  -1
p_1680        1685.00   1   1   0   0   6  -1
ap_1680       1685.00  -1  -1   0   0   6  -1
n_1680        1685.00   0   1   0   0   6  -1
an_1680       1685.00   0  -1   0   0   6  -1
p_1700        1700.00   1   1   0   0   4  -1
ap_1700       1700.00  -1  -1   0   0   4  -1
n_1700        1700.00   0   1   0   0   4  -1
an_1700       1700.00   0  -1   0   0   4  -1
p_1710        1710.00   1   1   0   0   2  -1
ap_1710       1710.00  -1  -1   0   0   2  -1
n_1710        1710.00   0   1   0   0   2  -1
an_1710       1710.00   0  -1   0   0   2  -1
p_1720        1720.00   1   1   0   0   4  -1
ap_1720       1720.00  -1  -1   0   0   4  -1
n_1720        1720.00   0   1   0   0   4  -1
an_1720       1720.00   0  -1   0   0   4  -1
p_1900        1900.00   1   1   0   0   6  -1
ap_1900       1900.00  -1  -1   0   0   6  -1
n_1900        1900.00   0   1   0   0   6  -1
an_1900       1900.00   0  -1   0   0   6  -1
p_2190        2190.00   1   1   0   0   8  -1
ap_2190       2190.00  -1  -1   0   0   8  -1
n_2190        2190.00   0   1   0   0   8  -1
an_2190       2190.00   0  -1   0   0   8  -1
p_2220        2250.00   1   1   0   0  10  -1
ap_2220       2250.00  -1  -1   0   0  10  -1
n_2220        2250.00   0   1   0   0  10  -1
an_2220       2250.00   0  -1   0   0  10  -1
p_2250        2275.00   1   1   0   0  10  -1
ap_2250       2275.00  -1  -1   0   0  10  -1
n_2250        2275.00   0   1   0   0  10  -1
an_2250       2275.00   0  -1   0   0  10  -1
p_2600        2600.00   1   1   0   0  12  -1
ap_2600       2600.00  -1  -1   0   0  12  -1
n_2600        2600.00   0   1   0   0  12  -1
an_2600       2600.00   0  -1   0   0  12  -1
#----------------------------------
#  baryons: I=3/2, S=0, C=0, B'=0
#----------------------------------
Del++_1232    1232.00   2   1   0   0   4  -1
Del--_1232    1232.00  -2  -1   0   0   4  -1
Del+_1232     1232.00   1   1   0   0   4  -1
aDel+_1232    1232.00  -1  -1   0   0   4  -1
Del-_1232     1232.00  -1   1   0   0   4  -1
aDel-_1232    1232.00   1  -1   0   0   4  -1
Del0_1232     1232.00   0   1   0   0   4  -1
aDel0_1232    1232.00   0  -1   0   0   4  -1
Del++_1600    1600.00   2   1   0   0   4  -1
Del--_1600    1600.00  -2  -1   0   0   4  -1
Del+_1600     1600.00   1   1   0   0   4  -1
aDel+_1600    1600.00  -1  -1   0   0   4  -1
Del-_1600     1600.00  -1   1   0   0   4  -1
aDel-_1600    1600.00   1  -1   0   0   4  -1
Del0_1600     1600.00   0   1   0   0   4  -1
aDel0_1600    1600.00   0  -1   0   0   4  -1
Del++_1620    1630.00   2   1   0   0   2  -1
Del--_1620    1630.00  -2  -1   0   0   2  -1
Del+_1620     1630.00   1   1   0   0   2  -1
aDel+_1620    1630.00  -1  -1   0   0   2  -1
Del-_1620     1630.00  -1   1   0   0   2  -1
aDel-_1620    1630.00   1  -1   0   0   2  -1
Del0_1620     1630.00   0   1   0   0   2  -1
aDel0_1620    1630.00   0  -1   0   0   2  -1
Del++_1700    1700.00   2   1   0   0   4  -1
Del--_1700    1700.00  -2  -1   0   0   4  -1
Del+_1700     1700.00   1   1   0   0   4  -1
aDel+_1700    1700.00  -1  -1   0   0   4  -1
Del-_1700     1700.00  -1   1   0   0   4  -1
aDel-_1700    1700.00   1  -1   0   0   4  -1
Del0_1700     1700.00   0   1   0   0   4  -1
aDel0_1700    1700.00   0  -1   0   0   4  -1
Del++_1905    1890.00   2   1   0   0   6  -1
Del--_1905    1890.00  -2  -1   0   0   6  -1
Del+_1905     1890.00   1   1   0   0   6  -1
aDel+_1905    1890.00  -1  -1   0   0   6  -1
Del-_1905     1890.00  -1   1   0   0   6  -1
aDel-_1905    1890.00   1  -1   0   0   6  -1
Del0_1905     1890.00   0   1   0   0   6  -1
aDel0_1905    1890.00   0  -1   0   0   6  -1
Del++_1910    1910.00   2   1   0   0   2  -1
Del--_1910    1910.00  -2  -1   0   0   2  -1
Del+_1910     1910.00   1   1   0   0   2  -1
aDel+_1910    1910.00  -1  -1   0   0   2  -1
Del-_1910     1910.00  -1   1   0   0   2  -1
aDel-_1910    1910.00   1  -1   0   0   2  -1
Del0_1910     1910.00   0   1   0   0   2  -1
aDel0_1910    1910.00   0  -1   0   0   2  -1
Del++_1920    1920.00   2   1   0   0   4  -1
Del--_1920    1920.00  -2  -1   0   0   4  -1
Del+_1920     1920.00   1   1   0   0   4  -1
aDel+_1920    1920.00  -1  -1   0   0   4  -1
Del-_1920     1920.00  -1   1   0   0   4  -1
aDel-_1920    1920.00   1  -1   0   0   4  -1
Del0_1920     1920.00   0   1   0   0   4  -1
aDel0_1920    1920.00   0  -1   0   0   4  -1
Del++_1930    1960.00   2   1   0   0   6  -1
Del--_1930    1960.00  -2  -1   0   0   6  -1
Del+_1930     1960.00   1   1   0   0   6  -1
aDel+_1930    1960.00  -1  -1   0   0   6  -1
Del-_1930     1960.00  -1   1   0   0   6  -1
aDel-_1930    1960.00   1  -1   0   0   6  -1
Del0_1930     1960.00   0   1   0   0   6  -1
aDel0_1930    1960.00   0  -1   0   0   6  -1
Del++_1950    1930.00   2   1   0   0   8  -1
Del--_1950    1930.00  -2  -1   0   0   8  -1
Del+_1950     1930.00   1   1   0   0   8  -1
aDel+_1950    1930.00  -1  -1   0   0   8  -1
Del-_1950     1930.00  -1   1   0   0   8  -1
aDel-_1950    1930.00   1  -1   0   0   8  -1
Del0_1950     1930.00   0   1   0   0   8  -1
Del0_1950     1930.00   0  -1   0   0   8  -1
Del++_2420    2420.00   2   1   0   0  12  -1
Del--_2420    2420.00  -2  -1   0   0  12  -1
Del+_2420     2420.00   1   1   0   0  12  -1
aDel+_2420    2420.00  -1  -1   0   0  12  -1
Del-_2420     2420.00  -1   1   0   0  12  -1
aDel-_2420    2420.00   1  -1   0   0  12  -1
Del0_2420     2420.00   0   1   0   0  12  -1
aDel0_2420    2420.00   0  -1   0   0  12  -1
#----------------------------------
#  baryons: I=0, S=-+1, C=0, B'=0
#----------------------------------
[1]Lam           1115.68   0   1  -1   0   2  -1
[1]aLam          1115.68   0  -1   1   0   2  -1
[1]Lam_1405      1405.10   0   1  -1   0   2  -1 % QM model prediction is,[2][3], 1550,1406
[1]aLam_1405     1405.10   0  -1   1   0   2  -1
[1]Lam_1520      1519.50   0   1  -1   0   4  -1
[1]aLam_1520     1519.50   0  -1   1   0   4  -1
[1]Lam_1600      1560.00   0   1  -1   0   2  -1
[1]aLam_1600     1560.00   0  -1   1   0   2  -1
[1]Lam_1670      1670.00   0   1  -1   0   2  -1
[1]aLam_1670     1670.00   0  -1   1   0   2  -1
[1]Lam_1690      1690.00   0   1  -1   0   4  -1
[1]aLam_1690     1690.00   0  -1   1   0   4  -1
[1]Lam_1800      1809.00   0   1  -1   0   2  -1 % QM model prediction is, [2][3], 1645,1693
[1]aLam_1800     1809.00   0  -1   1   0   2  -1
[1]Lam_1810      1773.00   0   1  -1   0   2  -1
[1]aLam_1810     1773.00   0  -1   1   0   2  -1
[1]Lam_1820      1818.00   0   1  -1   0   6  -1
[1]aLam_1820     1818.00   0  -1   1   0   6  -1
[1]Lam_1830      1830.00   0   1  -1   0   6  -1 % QM model prediction is,[2][3],1775,1861
[1]aLam_1830     1830.00   0  -1   1   0   6  -1
[1]Lam_1890      1872.00   0   1  -1   0   4  -1
[1]aLam_1890     1872.00   0  -1   1   0   4  -1
[1]Lam_2100      2040.00   0   1  -1   0   8  -1
[1]aLam_2100     2040.00   0  -1   1   0   8  -1
[1]Lam_2110      2048.00   0   1  -1   0   6  -1
[1]aLam_2110     2048.00   0  -1   1   0   6  -1
[1]Lam_2350      2350.00   0   1  -1   0  10  -1
[1]aLam_2350     2350.00   0  -1   1   0  10  -1 %PDG 3 and 4 star up to here
[1]Lam_1710      1713.00   0   1  -1   0   2  -1 %1 and 2 star from here 
[1]aLam_1710     1713.00   0  -1   1   0   2  -1 % We left out Lam_1380 as it is ''somehow'' related to 1405 
[1]Lam_2000      2000.00   0   1  -1   0   2  -1 %%% Lam_1710 no QM counter part ???
[1]aLam_2000     2000.00   0  -1   1   0   2  -1 %%% Lam_2000(*)
[1]Lam_2070      2044.00   0   1  -1   0   4  -1 % Most Likely QM Prediction Lam_2184 from [3] or Lam_2050 from [2] 
[1]aLam_2070     2044.00   0  -1   1   0   4  -1 %%% Lam_2070(*)
[1]Lam_2085      2085.00   0   1  -1   0   8  -1 %%%%%%% seems that we list 2085 twice ???????????????
[1]aLam_2085     2085.00   0  -1   1   0   8  -1
[1]Lam_2050-     2056.00   0   1  -1   0   4  -1 % QM prediction is 2035 [3] or 2030 [2]
[1]aLam_2050-    2056.00   0  -1   1   0   4  -1 %%% Lam_2050(*)
[1]Lam_2325-     2325.00   0   1  -1   0   4  -1 % QM prediction is [2] 2185, [3] 2322
[1]aLam_2325-    2325.00   0  -1   1   0   4  -1 %%% Lam_2325(*)
[1]Lam_2080-     2070.00   0   1  -1   0   6  -1 % Most likely QM prediction is, [2] 2180, [3] 2136
[1]aLam_2080-    2070.00   0  -1   1   0   6  -1 %%% Lam_2080(*)
[1]Lam_2085      2020.00   0   1  -1   0   8  -1 % QM prediction is [2] 2120 , [3] 2251
[1]aLam_2085+    2020.00   0  -1   1   0   8  -1 %%%Lam_2085(**),previously Lam_2020 
[1]Lam_2585-     2585.00   0   1  -1   0   8  -1 % QM prediction is 2230 [2], 2583 [3]
[1]aLam_2585-    2585.00   0  -1   1   0   8  -1 %%% Lam_2585(**), g=8 taken
[3]Lam_1770-     1812.00   0   1  -1   0   4  -1 % list of remaining QM states starts here 
[3]aLam_1770-    1812.00   0  -1   1   0   4  -1
[3]Lam_1910+     1972.00   0   1  -1   0   2  -1
[3]aLam_1910+    1972.00   0  -1   1   0   2  -1
[3]Lam_2010+     1986.00   0   1  -1   0   2  -1
[3]aLam_2010+    1986.00   0  -1   1   0   2  -1
[3]Lam_2105+     2042.00   0   1  -1   0   2  -1
[3]aLam_2105+    2042.00   0  -1   1   0   2  -1
[3]Lam_2120+     2099.00   0   1  -1   0   2  -1
[3]aLam_2120+    2099.00   0  -1   1   0   2  -1
[3]Lam_1960+     1976.00   0   1  -1   0   4  -1
[3]aLam_1960+    1976.00   0  -1   1   0   4  -1
[3]Lam_1995+     2130.00   0   1  -1   0   4  -1
[3]aLam_1995+    2130.00   0  -1   1   0   4  -1
[3]Lam_2050+     2184.00   0   1  -1   0   4  -1
[3]aLam_2050+    2184.00   0  -1   1   0   4  -1
[3]Lam_2080+     2202.00   0   1  -1   0   4  -1 
[3]aLam_2080+    2202.00   0  -1   1   0   4  -1
[3]Lam_2120-     2319.00   0   1  -1   0   4  -1
[3]aLam_2120-    2319.00   0  -1   1   0   4  -1
[3]Lam_2454-     2454.00   0   1  -1   0   4  -1
[3]aLam_2454-    2454.00   0  -1   1   0   4  -1
[3]Lam_2468-     2468.00   0   1  -1   0   4  -1
[3]aLam_2468-    2468.00   0  -1   1   0   4  -1
[3]Lam_2221+     2221.00   0   1  -1   0   6  -1
[3]aLam_2221+    2221.00   0  -1   1   0   6  -1
[3]Lam_2255+     2255.00   0   1  -1   0   6  -1
[3]aLam_2255+    2255.00   0  -1   1   0   6  -1
[3]Lam_2258+     2258.00   0   1  -1   0   6  -1
[3]aLam_2258+    2258.00   0  -1   1   0   6  -1
[3]Lam_1927-     1927.00   0   1  -1   0   2  -1
[3]aLam_1927-    1927.00   0  -1   1   0   2  -1
[3]Lam_2197-     2197.00   0   1  -1   0   2  -1
[3]aLam_2197-    2197.00   0  -1   1   0   2  -1
[3]Lam_2218-     2218.00   0   1  -1   0   2  -1
[3]aLam_2218-    2218.00   0  -1   1   0   2  -1
[3]Lam_2471+     2471.00   0   1  -1   0   8  -1
[3]aLam_2471+    2471.00   0  -1   1   0   8  -1
[3]Lam_2665+     2665.00   0   1  -1   0  10  -1
[3]aLam_2665+    2665.00   0  -1   1   0  10  -1
#----------------------------------
#  baryons: I=1, S=-+1, C=0, B'=0
#----------------------------------
[1]Sig+          1189.37   1   1  -1   0   2  -1
[1]aSig+         1189.37  -1  -1   1   0   2  -1
[1]Sig-          1197.45  -1   1  -1   0   2  -1
[1]aSig-         1197.45   1  -1   1   0   2  -1
[1]Sig0          1192.64   0   1  -1   0   2  -1
[1]aSig0         1192.64   0  -1   1   0   2  -1
[1]Sig+_1385     1382.80   1   1  -1   0   4  -1
[1]aSig+_1385    1382.80  -1  -1   1   0   4  -1
[1]Sig-_1385     1387.70  -1   1  -1   0   4  -1
[1]aSig-_1385    1387.70   1  -1   1   0   4  -1
[1]Sig0_1385     1387.20   0   1  -1   0   4  -1
[1]aSig0_1385    1387.20   0  -1   1   0   4  -1
[1]Sig+_1660     1585.00   1   1  -1   0   2  -1
[1]aSig+_1660    1585.00  -1  -1   1   0   2  -1
[1]Sig-_1660     1585.00  -1   1  -1   0   2  -1
[1]aSig-_1660    1585.00   1  -1   1   0   2  -1
[1]Sig0_1660     1585.00   0   1  -1   0   2  -1
[1]aSig0_1660    1585.00   0  -1   1   0   2  -1
[1]Sig+_1670     1662.00   1   1  -1   0   4  -1
[1]aSig+_1670    1662.00  -1  -1   1   0   4  -1
[1]Sig-_1670     1662.00  -1   1  -1   0   4  -1
[1]aSig-_1670    1662.00   1  -1   1   0   4  -1
[1]Sig0_1670     1662.00   0   1  -1   0   4  -1
[1]aSig0_1670    1662.00   0  -1   1   0   4  -1
[1]Sig+_1750     1689.00   1   1  -1   0   2  -1
[1]aSig+_1750    1689.00  -1  -1   1   0   2  -1
[1]Sig-_1750     1689.00  -1   1  -1   0   2  -1
[1]aSig-_1750    1689.00   1  -1   1   0   2  -1
[1]Sig0_1750     1689.00   0   1  -1   0   2  -1
[1]aSig0_1750    1689.00   0  -1   1   0   2  -1
[1]Sig+_1775     1770.00   1   1  -1   0   6  -1
[1]aSig+_1775    1770.00  -1  -1   1   0   6  -1
[1]Sig-_1775     1770.00  -1   1  -1   0   6  -1
[1]aSig-_1775    1770.00   1  -1   1   0   6  -1
[1]Sig0_1775     1770.00   0   1  -1   0   6  -1
[1]aSig0_1775    1770.00   0  -1   1   0   6  -1
[1]Sig+_1910     1910.00   1   1  -1   0   4  -1
[1]aSig+_1910    1910.00  -1  -1   1   0   4  -1
[1]Sig-_1910     1910.00  -1   1  -1   0   4  -1
[1]aSig-_1910    1910.00   1  -1   1   0   4  -1
[1]Sig0_1910     1910.00   0   1  -1   0   4  -1
[1]aSig0_1910    1910.00   0  -1   1   0   4  -1
[1]Sig+_1915     1900.00   1   1  -1   0   6  -1
[1]aSig+_1915    1900.00  -1  -1   1   0   6  -1
[1]Sig-_1915     1900.00  -1   1  -1   0   6  -1
[1]aSig-_1915    1900.00   1  -1   1   0   6  -1
[1]Sig0_1915     1900.00   0   1  -1   0   6  -1
[1]aSig0_1915    1900.00   0  -1   1   0   6  -1
[1]Sig+_2030     2020.00   1   1  -1   0   8  -1
[1]aSig+_2030    2020.00  -1  -1   1   0   8  -1
[1]Sig-_2030     2020.00  -1   1  -1   0   8  -1
[1]aSig-_2030    2020.00   1  -1   1   0   8  -1
[1]Sig0_2030     2020.00   0   1  -1   0   8  -1
[1]aSig0_2030    2020.00   0  -1   1   0   8  -1
[1]Sig+_2250*    2250.00   1   1  -1   0   2  -1
[1]aSig+_2250*   2250.00  -1  -1   1   0   2  -1
[1]Sig-_2250*    2250.00  -1   1  -1   0   2  -1
[1]aSig-_2250*   2250.00   1  -1   1   0   2  -1
[1]Sig0_2250*    2250.00   0   1  -1   0   2  -1
[1]aSig0_2250*   2250.00   0  -1   1   0   2  -1 %PDG 3 and 4 star states up to here
[1]Sig+_1580     1580.00   1   1  -1   0   4  -1 % PDG 1 and 2 star states 
[1]aSig+_1580    1580.00  -1  -1   1   0   4  -1 %%% Sig_1580 (*)
[1]Sig-_1580     1580.00  -1   1  -1   0   4  -1 %%% no corresponding QM state ???
[1]aSig-_1580    1580.00   1  -1   1   0   4  -1
[1]Sig0_1580     1580.00   0   1  -1   0   4  -1
[1]aSig0_1580    1580.00   0  -1   1   0   4  -1
[1]Sig+_1620-    1680.00   1   1  -1   0   2  -1 %%%Sig_1620(*)
[1]aSig+_1620-   1680.00  -1  -1   1   0   2  -1 % QM model Prediction 1630 [2] or 1620[3]
[1]Sig-_1620-    1680.00  -1   1  -1   0   2  -1  
[1]aSig-_1620-   1680.00   1  -1   1   0   2  -1 
[1]Sig0_1620-    1680.00   0   1  -1   0   2  -1
[1]aSig0_1620-   1680.00   0  -1   1   0   2  -1
[1]Sig+_1780-    1780.00   1   1  -1   0   4  -1 % QM model prediction, 1920 [2]
[1]aSig+_1780-   1780.00  -1  -1   1   0   4  -1 %%% Sig_1780 (*)
[1]Sig-_1780-    1780.00  -1   1  -1   0   4  -1
[1]aSig-_1780-   1780.00   1  -1   1   0   4  -1
[1]Sig0_1780-    1780.00   0   1  -1   0   4  -1
[1]aSig0_1780-   1780.00   0  -1   1   0   4  -1
[1]Sig+_1880+    1880.00   1   1  -1   0   2  -1  %%% Sigma_1880 (**)
[1]aSig+_1880+   1880.00  -1  -1   1   0   2  -1  % QM model prediction 1970 [2] , 1983 [3]
[1]Sig-_1880+    1880.00  -1   1  -1   0   2  -1
[1]aSig-_1880+   1880.00   1  -1   1   0   2  -1
[1]Sig0_1880+    1880.00   0   1  -1   0   2  -1
[1]aSig0_1880+   1880.00   0  -1   1   0   2  -1
[1]Sig+_1900+    1936.00   1   1  -1   0   2  -1 %%% Sigma_1900 (**) 
[1]aSig+_1900+   1936.00  -1  -1   1   0   2  -1 % QM model prediction 2110 [2],2115 [3] 
[1]Sig-_1900+    1936.00  -1   1  -1   0   2  -1
[1]aSig-_1900+   1936.00   1  -1   1   0   2  -1
[1]Sig0_1900+    1936.00   0   1  -1   0   2  -1
[1]aSig0_1900+   1936.00   0  -1   1   0   2  -1
[1]Sig+_1940+    1940.00   1   1  -1   0   4  -1 %%% Sigma_1940 (*) 
[1]aSig+_1940+   1940.00  -1  -1   1   0   4  -1 % QM model prediction 2025 [2],2010 [3] 
[1]Sig-_1940+    1940.00  -1   1  -1   0   4  -1
[1]aSig-_1940+   1940.00   1  -1   1   0   4  -1
[1]Sig0_1940+    1940.00   0   1  -1   0   4  -1
[1]aSig0_1940+   1940.00   0  -1   1   0   4  -1
[1]Sig+_2010-    1995.00   1   1  -1   0   4  -1 %%% Sigma_2010 (*) 
[1]aSig+_2010-   1995.00  -1  -1   1   0   4  -1 % Could be QM model prediction 2120 [2],2175 [3] 
[1]Sig-_2010-    1995.00  -1   1  -1   0   4  -1
[1]aSig-_2010-   1995.00   1  -1   1   0   4  -1
[1]Sig0_2010-    1995.00   0   1  -1   0   4  -1
[1]aSig0_2010-   1995.00   0  -1   1   0   4  -1
[1]Sig+_2070+    2060.00   1   1  -1   0   6  -1 %%% Sigma_2070 (*)
[1]aSig+_2070+   2060.00  -1  -1   1   0   6  -1 % QM model prediction 2030 [2] , 2062 [3]
[1]Sig-_2070+    2060.00  -1   1  -1   0   6  -1
[1]aSig-_2070+   2060.00   1  -1   1   0   6  -1
[1]Sig0_2070+    2060.00   0   1  -1   0   6  -1
[1]aSig0_2070+   2060.00   0  -1   1   0   6  -1
[1]Sig+_2080+    2090.00   1   1  -1   0   4  -1 %%% Sigma_2080 (*)
[1]aSig+_2080+   2090.00  -1  -1   1   0   4  -1 % QM model prediction 2030 [2] , 2076 [3]
[1]Sig-_2080+    2090.00  -1   1  -1   0   4  -1
[1]aSig-_2080+   2090.00   1  -1   1   0   4  -1
[1]Sig0_2080+    2090.00   0   1  -1   0   4  -1
[1]aSig0_2080+   2090.00   0  -1   1   0   4  -1
[1]Sig+_2100-    2093.00   1   1  -1   0   8  -1 %%% Sigma_2100 (*)
[1]aSig+_2100-   2093.00  -1  -1   1   0   8  -1 % QM model prediction 2245 [2] , 2259 [3]
[1]Sig-_2100-    2093.00  -1   1  -1   0   8  -1
[1]aSig-_2100-   2093.00   1  -1   1   0   8  -1
[1]Sig0_2100-    2093.00   0   1  -1   0   8  -1
[1]aSig0_2100-   2093.00   0  -1   1   0   8  -1
[1]Sig+_2160-    2158.00   1   1  -1   0   2  -1 %%% Sigma_2160 (*)
[1]aSig+_2160-   2158.00  -1  -1   1   0   2  -1 % Could be QM prediction 2155 [2], 2198 [3] 
[1]Sig-_2160-    2158.00  -1   1  -1   0   2  -1
[1]aSig-_2160-   2158.00   1  -1   1   0   2  -1
[1]Sig0_2160-    2158.00   0   1  -1   0   2  -1
[1]aSig0_2160-   2158.00   0  -1   1   0   2  -1
[1]Sig+_2230+    2234.00   1   1  -1   0   4  -1 %%% Sigma_2230(*)
[1]aSig+_2230+   2234.00  -1  -1   1   0   4  -1 % Could be QM prediction 2115 [2], 2234 [3]
[1]Sig-_2230+    2234.00  -1   1  -1   0   4  -1
[1]aSig-_2230+   2234.00   1  -1   1   0   4  -1
[1]Sig0_2230+    2234.00   0   1  -1   0   4  -1
[1]aSig0_2230+   2234.00   0  -1   1   0   4  -1
[3]Sig+_2455+    2455.00   1   1  -1   0   8  -1 %%% Sigma_2455(**), took g=8
[3]aSig+_2455+   2455.00  -1  -1   1   0   8  -1 % Could be QM prediction 2125 [2] , 2470 [3]
[3]Sig-_2455+    2455.00  -1   1  -1   0   8  -1
[3]aSig-_2455+   2455.00   1  -1   1   0   8  -1
[3]Sig0_2455+    2455.00   0   1  -1   0   8  -1
[3]aSig0_2455+   2455.00   0  -1   1   0   8  -1 % We leave out (*,**) Sigma > 2.5 GeV
[3]Sig+_1693-    1693.00   1   1  -1   0   2  -1 % list of remaining QM states starts from here
[3]aSig+_1693-   1693.00  -1  -1   1   0   2  -1 
[3]Sig-_1693-    1693.00  -1   1  -1   0   2  -1
[3]aSig-_1693-   1693.00   1  -1   1   0   2  -1
[3]Sig0_1693-    1693.00   0   1  -1   0   2  -1
[3]aSig0_1693-   1693.00   0  -1   1   0   2  -1
[3]Sig+_1731-    1731.00   1   1  -1   0   4  -1 
[3]aSig+_1731-   1731.00  -1  -1   1   0   4  -1 
[3]Sig-_1731-    1731.00  -1   1  -1   0   4  -1
[3]aSig-_1731-   1731.00   1  -1   1   0   4  -1
[3]Sig0_1731-    1731.00   0   1  -1   0   4  -1
[3]aSig0_1731-   1731.00   0  -1   1   0   4  -1
[3]Sig+_2175-    2175.00   1   1  -1   0   4  -1 
[3]aSig+_2175-   2175.00  -1  -1   1   0   4  -1 
[3]Sig-_2175-    2175.00  -1   1  -1   0   4  -1
[3]aSig-_2175-   2175.00   1  -1   1   0   4  -1
[3]Sig0_2175-    2175.00   0   1  -1   0   4  -1
[3]aSig0_2175-   2175.00   0  -1   1   0   4  -1
[3]Sig+_2203-    2203.00   1   1  -1   0   4  -1 
[3]aSig+_2203-   2203.00  -1  -1   1   0   4  -1 
[3]Sig-_2203-    2203.00  -1   1  -1   0   4  -1
[3]aSig-_2203-   2203.00   1  -1   1   0   4  -1
[3]Sig0_2203-    2203.00   0   1  -1   0   4  -1
[3]aSig0_2203-   2203.00   0  -1   1   0   4  -1
[3]Sig+_2300-    2300.00   1   1  -1   0   4  -1 
[3]aSig+_2300-   2300.00  -1  -1   1   0   4  -1 
[3]Sig-_2300-    2300.00  -1   1  -1   0   4  -1
[3]aSig-_2300-   2300.00   1  -1   1   0   4  -1
[3]Sig0_2300-    2300.00   0   1  -1   0   4  -1
[3]aSig0_2300-   2300.00   0  -1   1   0   4  -1
[3]Sig+_1922+    1922.00   1   1  -1   0   2  -1
[3]aSig+_1922+   1922.00  -1  -1   1   0   2  -1
[3]Sig-_1922+    1922.00  -1   1  -1   0   2  -1
[3]aSig-_1922+   1922.00   1  -1   1   0   2  -1
[3]Sig0_1922+    1922.00   0   1  -1   0   2  -1
[3]aSig0_1922+   1922.00   0  -1   1   0   2  -1
[3]Sig+_2028+    2028.00   1   1  -1   0   2  -1
[3]aSig+_2028+   2028.00  -1  -1   1   0   2  -1
[3]Sig-_2028+    2028.00  -1   1  -1   0   2  -1
[3]aSig-_2028+   2028.00   1  -1   1   0   2  -1
[3]Sig0_2028+    2028.00   0   1  -1   0   2  -1
[3]aSig0_2028+   2028.00   0  -1   1   0   2  -1
[3]Sig+_2128+    2128.00   1   1  -1   0   2  -1
[3]aSig+_2128+   2128.00  -1  -1   1   0   2  -1
[3]Sig-_2128+    2128.00  -1   1  -1   0   2  -1
[3]aSig-_2128+   2128.00   1  -1   1   0   2  -1
[3]Sig0_2128+    2128.00   0   1  -1   0   2  -1
[3]aSig0_2128+   2128.00   0  -1   1   0   2  -1
[3]Sig+_2292+    2292.00   1   1  -1   0   2  -1
[3]aSig+_2292+   2292.00  -1  -1   1   0   2  -1
[3]Sig-_2292+    2292.00  -1   1  -1   0   2  -1
[3]aSig-_2292+   2292.00   1  -1   1   0   2  -1
[3]Sig0_2292+    2292.00   0   1  -1   0   2  -1
[3]aSig0_2292+   2292.00   0  -1   1   0   2  -1
[3]Sig+_2472+    2472.00   1   1  -1   0   2  -1
[3]aSig+_2472+   2472.00  -1  -1   1   0   2  -1
[3]Sig-_2472+    2472.00  -1   1  -1   0   2  -1
[3]aSig-_2472+   2472.00   1  -1   1   0   2  -1
[3]Sig0_2472+    2472.00   0   1  -1   0   2  -1
[3]aSig0_2472+   2472.00   0  -1   1   0   2  -1
[3]Sig+_1920+    1920.00   1   1  -1   0   4  -1
[3]aSig+_1920+   1920.00  -1  -1   1   0   4  -1
[3]Sig-_1920+    1920.00  -1   1  -1   0   4  -1
[3]aSig-_1920+   1920.00   1  -1   1   0   4  -1
[3]Sig0_1920+    1920.00   0   1  -1   0   4  -1
[3]aSig0_1920+   1920.00   0  -1   1   0   4  -1
[3]Sig+_1862+    1862.00   1   1  -1   0   4  -1
[3]aSig+_1862+   1862.00  -1  -1   1   0   4  -1
[3]Sig-_1862+    1862.00  -1   1  -1   0   4  -1
[3]aSig-_1862+   1862.00   1  -1   1   0   4  -1
[3]Sig0_1862+    1862.00   0   1  -1   0   4  -1
[3]aSig0_1862+   1862.00   0  -1   1   0   4  -1
[3]Sig+_2096+    2096.00   1   1  -1   0   4  -1
[3]aSig+_2096+   2096.00  -1  -1   1   0   4  -1
[3]Sig-_2096+    2096.00  -1   1  -1   0   4  -1
[3]aSig-_2096+   2096.00   1  -1   1   0   4  -1
[3]Sig0_2096+    2096.00   0   1  -1   0   4  -1
[3]aSig0_2096+   2096.00   0  -1   1   0   4  -1
[3]Sig+_2157+    2157.00   1   1  -1   0   4  -1
[3]aSig+_2157+   2157.00  -1  -1   1   0   4  -1
[3]Sig-_2157+    2157.00  -1   1  -1   0   4  -1
[3]aSig-_2157+   2157.00   1  -1   1   0   4  -1
[3]Sig0_2157+    2157.00   0   1  -1   0   4  -1
[3]aSig0_2157+   2157.00   0  -1   1   0   4  -1
[3]Sig+_2155+    2155.00   1   1  -1   0   4  -1
[3]aSig+_2155+   2155.00  -1  -1   1   0   4  -1
[3]Sig-_2155+    2155.00  -1   1  -1   0   4  -1
[3]aSig-_2155+   2155.00   1  -1   1   0   4  -1
[3]Sig0_2155+    2155.00   0   1  -1   0   4  -1
[3]aSig0_2155+   2155.00   0  -1   1   0   4  -1
[3]Sig+_2221+    2221.00   1   1  -1   0   6  -1
[3]aSig+_2221+   2221.00  -1  -1   1   0   6  -1
[3]Sig-_2221+    2221.00  -1   1  -1   0   6  -1
[3]aSig-_2221+   2221.00   1  -1   1   0   6  -1
[3]Sig0_2221+    2221.00   0   1  -1   0   6  -1
[3]aSig0_2221+   2221.00   0  -1   1   0   6  -1
[3]Sig+_2214-    2214.00   1   1  -1   0   6  -1
[3]aSig+_2214-   2214.00  -1  -1   1   0   6  -1
[3]Sig-_2214-    2214.00  -1   1  -1   0   6  -1
[3]aSig-_2214-   2214.00   1  -1   1   0   6  -1
[3]Sig0_2214-    2214.00   0   1  -1   0   6  -1
[3]aSig0_2214-   2214.00   0  -1   1   0   6  -1
[3]Sig+_2347-    2347.00   1   1  -1   0   6  -1
[3]aSig+_2347-   2347.00  -1  -1   1   0   6  -1
[3]Sig-_2347-    2347.00  -1   1  -1   0   6  -1
[3]aSig-_2347-   2347.00   1  -1   1   0   6  -1
[3]Sig0_2347-    2347.00   0   1  -1   0   6  -1
[3]aSig0_2347-   2347.00   0  -1   1   0   6  -1
[3]Sig+_2202+    2202.00   1   1  -1   0   2  -1 
[3]aSig+_2202+   2202.00  -1  -1   1   0   2  -1 
[3]Sig-_2202+    2202.00  -1   1  -1   0   2  -1
[3]aSig-_2202+   2202.00   1  -1   1   0   2  -1
[3]Sig0_2202+    2202.00   0   1  -1   0   2  -1
[3]aSig0_2202+   2202.00   0  -1   1   0   2  -1
[3]Sig+_2289+    2289.00   1   1  -1   0   2  -1 
[3]aSig+_2289+   2289.00  -1  -1   1   0   2  -1 
[3]Sig-_2289+    2289.00  -1   1  -1   0   2  -1
[3]aSig-_2289+   2289.00   1  -1   1   0   2  -1
[3]Sig0_2289+    2289.00   0   1  -1   0   2  -1
[3]aSig0_2289+   2289.00   0  -1   1   0   2  -1
[3]Sig+_2381+    2381.00   1   1  -1   0   2  -1 
[3]aSig+_2381+   2381.00  -1  -1   1   0   2  -1 
[3]Sig-_2381+    2381.00  -1   1  -1   0   2  -1
[3]aSig-_2381+   2381.00   1  -1   1   0   2  -1
[3]Sig0_2381+    2381.00   0   1  -1   0   2  -1
[3]aSig0_2381+   2381.00   0  -1   1   0   2  -1
[3]Sig+_2349-    2349.00   1   1  -1   0   8  -1
[3]aSig+_2349-   2349.00  -1  -1   1   0   8  -1
[3]Sig-_2349-    2349.00  -1   1  -1   0   8  -1
[3]aSig-_2349-   2349.00   1  -1   1   0   8  -1
[3]Sig0_2349-    2349.00   0   1  -1   0   8  -1
[3]aSig0_2349-   2349.00   0  -1   1   0   8  -1
[3]Sig+_2289-    2289.00   1   1  -1   0  10  -1
[3]aSig+_2289-   2289.00  -1  -1   1   0  10  -1
[3]Sig-_2289-    2289.00  -1   1  -1   0  10  -1
[3]aSig-_2289-   2289.00   1  -1   1   0  10  -1
[3]Sig0_2289-    2289.00   0   1  -1   0  10  -1 
[3]aSig0_2289-   2289.00   0  -1   1   0  10  -1 
#------------------------------------
#  baryons: I=1/2, S=-+2, C=0, B'=0
#------------------------------------
[1]Xi-           1321.71  -1   1  -2   0   2  -1
[1]Xi+           1321.71   1  -1   2   0   2  -1
[1]Xi0           1314.86   0   1  -2   0   2  -1
[1]aXi0          1314.86   0  -1   2   0   2  -1
[1]Xi-_1530      1531.80  -1   1  -2   0   4  -1
[1]Xi+_1530      1531.80   1  -1   2   0   4  -1
[1]Xi0_1530      1531.80   0   1  -2   0   4  -1
[1]aXi0_1530     1531.80   0  -1   2   0   4  -1
[1]Xi-_1820      1823.00  -1   1  -2   0   4  -1
[1]Xi+_1820      1823.00   1  -1   2   0   4  -1
[1]Xi0_1820      1823.00   0   1  -2   0   4  -1
[1]aXi0_1820     1823.00   0  -1   2   0   4  -1
[1]Xi-_2030      2025.00  -1   1  -2   0   6  -1
[1]Xi+_2030      2025.00   1  -1   2   0   6  -1
[1]Xi0_2030      2025.00   0   1  -2   0   6  -1
[1]aXi0_2030     2025.00   0  -1   2   0   6  -1
[1]Xi+_1690*     1690.00   1  -1   2   0   2  -1
[1]Xi-_1690*     1690.00  -1   1  -2   0   2  -1
[1]Xi0_1690*     1690.00   0   1  -2   0   2  -1
[1]aXi0_1690*    1690.00   0  -1   2   0   2  -1
[1]Xi+_1950*     1950.00   1  -1   2   0   2  -1
[1]Xi-_1950*     1950.00  -1   1  -2   0   2  -1
[1]Xi0_1950*     1950.00   0   1  -2   0   2  -1
[1]aXi0_1950*    1950.00   0  -1   2   0   2  -1 % PDG 3 and 4 star sttes up to here
[1]Xi+_1620*     1620.00   1  -1   2   0   2  -1 % PDG 1 and 2 star states 
[1]Xi-_1620*     1620.00  -1   1  -2   0   2  -1 %%% Xi_1620, g=2 taken
[1]Xi0_1620*     1620.00   0   1  -2   0   2  -1 % Could be QM model prediction 1755 [2],1682[3]
[1]aXi0_1620*    1620.00   0  -1   2   0   2  -1
[1]Xi+_2120+     2120.00   1  -1   2   0   4  -1 %%% Xi_2120(*), g=4 taken
[1]Xi-_2120+     2120.00  -1   1  -2   0   4  -1 % Could be QM model prediction 2115 [2],2121 [3]
[1]Xi0_2120+     2120.00   0   1  -2   0   4  -1
[1]aXi0_2120+    2120.00   0  -1   2   0   4  -1
[1]Xi+_2250-     2250.00   1  -1   2   0   4  -1 %%% Xi_2250 (**), g=4 taken
[1]Xi-_2250-     2250.00  -1   1  -2   0   4  -1 % Could be QM model prediction 2305[2], 2252 [3]
[1]Xi0_2250-     2250.00   0   1  -2   0   4  -1
[1]aXi0_2250-    2250.00   0  -1   2   0   4  -1
[1]Xi+_2370+     2370.00   1  -1   2   0   2  -1 %%% Xi_2370(**),g=2 taken
[1]Xi-_2370+     2370.00  -1   1  -2   0   2  -1 % Could be QM model prediction 2230 [2], 2367 [3]
[1]Xi0_2370+     2370.00   0   1  -2   0   2  -1
[1]aXi0_2370+    2370.00   0  -1   2   0   2  -1
[1]Xi+_2500-     2500.00   1  -1   2   0  10  -1 %%% Xi_2500(**), g=10 taken
[1]Xi-_2500-     2500.00  -1   1  -2   0  10  -1 % Could be QM model prediction 2502 [3]
[1]Xi0_2500-     2500.00   0   1  -2   0  10  -1
[1]aXi0_2500-    2500.00   0  -1   2   0  10  -1
[3]Xi+_2030*     2040.00   1  -1   2   0   2  -1 %%%%%%% what means ''still in old table''  ??????????????
[3]Xi-_2030*     2040.00  -1   1  -2   0   2  -1 %%%%%%% what means ''reused as Xi_2040+'   ???????????????
[3]Xi0_2030*     2040.00   0   1  -2   0   2  -1 %%% remaining QM states start from here
[3]aXi0_2030*    2040.00   0  -1   2   0   2  -1 
[3]Xi+_1886+     1886.00   1  -1   2   0   2  -1
[3]Xi-_1886+     1886.00  -1   1  -2   0   2  -1
[3]Xi0_1886+     1886.00   0   1  -2   0   2  -1
[3]aXi0_1886+    1886.00   0  -1   2   0   2  -1
[3]Xi+_1993+     1993.00   1  -1   2   0   2  -1
[3]Xi-_1993+     1993.00  -1   1  -2   0   2  -1
[3]Xi0_1993+     1993.00   0   1  -2   0   2  -1
[3]aXi0_1993+    1993.00   0  -1   2   0   2  -1
[3]Xi+_2012+     2012.00   1  -1   2   0   2  -1
[3]Xi-_2012+     2012.00  -1   1  -2   0   2  -1
[3]Xi0_2012+     2012.00   0   1  -2   0   2  -1
[3]aXi0_2012+    2012.00   0  -1   2   0   2  -1
[3]Xi+_2091+     2091.00   1  -1   2   0   2  -1
[3]Xi-_2091+     2091.00  -1   1  -2   0   2  -1
[3]Xi0_2091+     2091.00   0   1  -2   0   2  -1
[3]aXi0_2091+    2091.00   0  -1   2   0   2  -1
[3]Xi+_2142+     2142.00   1  -1   2   0   2  -1
[3]Xi-_2142+     2142.00  -1   1  -2   0   2  -1
[3]Xi0_2142+     2142.00   0   1  -2   0   2  -1
[3]aXi0_2142+    2142.00   0  -1   2   0   2  -1
[3]Xi+_1966+     1966.00   1  -1   2   0   4  -1
[3]Xi-_1966+     1966.00  -1   1  -2   0   4  -1
[3]Xi0_1966+     1966.00   0   1  -2   0   4  -1
[3]aXi0_1966+    1966.00   0  -1   2   0   4  -1
[3]Xi+_2100+     2100.00   1  -1   2   0   4  -1
[3]Xi-_2100+     2100.00  -1   1  -2   0   4  -1
[3]Xi0_2100+     2100.00   0   1  -2   0   4  -1
[3]aXi0_2100+    2100.00   0  -1   2   0   4  -1
[3]Xi+_2121+     2121.00   1  -1   2   0   4  -1
[3]Xi-_2121+     2121.00  -1   1  -2   0   4  -1
[3]Xi0_2121+     2121.00   0   1  -2   0   4  -1
[3]aXi0_2121+    2121.00   0  -1   2   0   4  -1
[3]Xi+_2144+     2144.00   1  -1   2   0   4  -1
[3]Xi-_2144+     2144.00  -1   1  -2   0   4  -1
[3]Xi0_2144+     2144.00   0   1  -2   0   4  -1
[3]aXi0_2144+    2144.00   0  -1   2   0   4  -1
[3]Xi+_2149+     2149.00   1  -1   2   0   4  -1
[3]Xi-_2149+     2149.00  -1   1  -2   0   4  -1
[3]Xi0_2149+     2149.00   0   1  -2   0   4  -1
[3]aXi0_2149+    2149.00   0  -1   2   0   4  -1
[3]Xi+_2421+     2421.00   1  -1   2   0   4  -1
[3]Xi-_2421+     2421.00  -1   1  -2   0   4  -1
[3]Xi0_2421+     2421.00   0   1  -2   0   4  -1
[3]aXi0_2421+    2421.00   0  -1   2   0   4  -1
[3]Xi+_2108+     2108.00   1  -1   2   0   6  -1
[3]Xi-_2108+     2108.00  -1   1  -2   0   6  -1
[3]Xi0_2108+     2108.00   0   1  -2   0   6  -1
[3]aXi0_2108+    2108.00   0  -1   2   0   6  -1
[3]Xi+_2165+     2165.00   1  -1   2   0   6  -1
[3]Xi-_2165+     2165.00  -1   1  -2   0   6  -1
[3]Xi0_2165+     2165.00   0   1  -2   0   6  -1
[3]aXi0_2165+    2165.00   0  -1   2   0   6  -1
[3]Xi+_2213+     2213.00   1  -1   2   0   6  -1
[3]Xi-_2213+     2213.00  -1   1  -2   0   6  -1
[3]Xi0_2213+     2213.00   0   1  -2   0   6  -1
[3]aXi0_2213+    2213.00   0  -1   2   0   6  -1
[3]Xi+_2180+     2180.00   1  -1   2   0   8  -1
[3]Xi-_2180+     2180.00  -1   1  -2   0   8  -1
[3]Xi0_2180+     2180.00   0   1  -2   0   8  -1
[3]aXi0_2180+    2180.00   0  -1   2   0   8  -1
[3]Xi+_1758-     1758.00   1  -1   2   0   2  -1
[3]Xi-_1758-     1758.00  -1   1  -2   0   2  -1
[3]Xi0_1758-     1758.00   0   1  -2   0   2  -1
[3]aXi0_1758-    1758.00   0  -1   2   0   2  -1
[3]Xi+_1839-     1839.00   1  -1   2   0   2  -1
[3]Xi-_1839-     1839.00  -1   1  -2   0   2  -1
[3]Xi0_1839-     1839.00   0   1  -2   0   2  -1
[3]aXi0_1839-    1839.00   0  -1   2   0   2  -1
[3]Xi+_2160-     2160.00   1  -1   2   0   2  -1
[3]Xi-_2160-     2160.00  -1   1  -2   0   2  -1
[3]Xi0_2160-     2160.00   0   1  -2   0   2  -1
[3]aXi0_2160-    2160.00   0  -1   2   0   2  -1
[3]Xi+_2210-     2210.00   1  -1   2   0   2  -1
[3]Xi-_2210-     2210.00  -1   1  -2   0   2  -1
[3]Xi0_2210-     2210.00   0   1  -2   0   2  -1
[3]aXi0_2210-    2210.00   0  -1   2   0   2  -1
[3]Xi+_2233-     2233.00   1  -1   2   0   2  -1
[3]Xi-_2233-     2233.00  -1   1  -2   0   2  -1
[3]Xi0_2233-     2233.00   0   1  -2   0   2  -1
[3]aXi0_2233-    2233.00   0  -1   2   0   2  -1
[3]Xi+_2261-     2261.00   1  -1   2   0   2  -1
[3]Xi-_2261-     2261.00  -1   1  -2   0   2  -1
[3]Xi0_2261-     2261.00   0   1  -2   0   2  -1
[3]aXi0_2261-    2261.00   0  -1   2   0   2  -1
[3]Xi+_1764-     1764.00   1  -1   2   0   4  -1
[3]Xi-_1764-     1764.00  -1   1  -2   0   4  -1
[3]Xi0_1764-     1764.00   0   1  -2   0   4  -1
[3]aXi0_1764-    1764.00   0  -1   2   0   4  -1
[3]Xi+_1904-     1904.00   1  -1   2   0   4  -1
[3]Xi-_1904-     1904.00  -1   1  -2   0   4  -1
[3]Xi0_1904-     1904.00   0   1  -2   0   4  -1
[3]aXi0_1904-    1904.00   0  -1   2   0   4  -1
[3]Xi+_2245-     2245.00   1  -1   2   0   4  -1
[3]Xi-_2245-     2245.00  -1   1  -2   0   4  -1
[3]Xi0_2245-     2245.00   0   1  -2   0   4  -1
[3]aXi0_2245-    2245.00   0  -1   2   0   4  -1
[3]Xi+_2350-     2350.00   1  -1   2   0   4  -1
[3]Xi-_2350-     2350.00  -1   1  -2   0   4  -1
[3]Xi0_2350-     2350.00   0   1  -2   0   4  -1
[3]aXi0_2350-    2350.00   0  -1   2   0   4  -1
[3]Xi+_2352-     2352.00   1  -1   2   0   4  -1
[3]Xi-_2352-     2352.00  -1   1  -2   0   4  -1
[3]Xi0_2352-     2352.00   0   1  -2   0   4  -1
[3]aXi0_2352-    2352.00   0  -1   2   0   4  -1
[3]Xi+_1853-     1853.00   1  -1   2   0   6  -1
[3]Xi-_1853-     1853.00  -1   1  -2   0   6  -1
[3]Xi0_1853-     1853.00   0   1  -2   0   6  -1
[3]aXi0_1853-    1853.00   0  -1   2   0   6  -1
[3]Xi+_2333-     2333.00   1  -1   2   0   6  -1
[3]Xi-_2333-     2333.00  -1   1  -2   0   6  -1
[3]Xi0_2333-     2333.00   0   1  -2   0   6  -1
[3]aXi0_2333-    2333.00   0  -1   2   0   6  -1
[3]Xi+_2411-     2411.00   1  -1   2   0   6  -1
[3]Xi-_2411-     2411.00  -1   1  -2   0   6  -1
[3]Xi0_2411-     2411.00   0   1  -2   0   6  -1
[3]aXi0_2411-    2411.00   0  -1   2   0   6  -1
[3]Xi+_2460-     2460.00   1  -1   2   0   8  -1
[3]Xi-_2460-     2460.00  -1   1  -2   0   8  -1
[3]Xi0_2460-     2460.00   0   1  -2   0   8  -1
[3]aXi0_2460-    2460.00   0  -1   2   0   8  -1
[3]Xi+_2474-     2474.00   1  -1   2   0   8  -1
[3]Xi-_2474-     2474.00  -1   1  -2   0   8  -1
[3]Xi0_2474-     2474.00   0   1  -2   0   8  -1
[3]aXi0_2474-    2474.00   0  -1   2   0   8  -1
#-----------------------------------
#  baryons: I=0, S=-+3, C=0, B'=0
#-----------------------------------
Omg-          1672.45  -1   1  -3   0   4  -1
Omg+          1672.45   1  -1   3   0   4  -1
Omg-_2012-    2012.40  -1   1  -3   0   4  -1 %%% Omg_2012(***), took g=4
Omg+_2012-    2012.40   1  -1   3   0   4  -1
Omg-_2250*    2252.00  -1   1  -3   0   4  -1
Omg+_2250*    2252.00   1  -1   3   0   4  -1  %PDG 3 and 4 star states up to here
Omg-_2470-    2474.00  -1   1  -3   0   4  -1 %%% PDG 1 an2 star states start from here: Omg_2470(*), took g=4
Omg+_2470-    2474.00   1  -1   3   0   4  -1 % Most likely QM prediction [3] 2537 ,[2] 2440
Omg+_2380+    2380.00   1  -1   3   0   4  -1 %%% Omg_2380(**), took g=4
Omg-_2380+    2380.00  -1   1  -3   0   4  -1 % Most likely QM prediction [3] 2332, [2] 2345 
Omg-_1941-    1941.00  -1   1  -3   0   2  -1 % ilist of remaining QM states starts here 
Omg+_1941-    1941.00   1  -1   3   0   2  -1
Omg-_2463-    2463.00  -1   1  -3   0   2  -1 
Omg+_2463-    2463.00   1  -1   3   0   2  -1
Omg-_2580-    2580.00  -1   1  -3   0   2  -1
Omg+_2580-    2580.00   1  -1   3   0   2  -1
Omg-_2636-    2636.00  -1   1  -3   0   4  -1
Omg+_2636-    2636.00   1  -1   3   0   4  -1
Omg-_2653-    2653.00  -1   1  -3   0   6  -1
Omg+_2653-    2653.00   1  -1   3   0   6  -1
Omg-_2301+    2301.00  -1   1  -3   0   2  -1
Omg+_2301+    2301.00   1  -1   3   0   2  -1
Omg-_2255+    2255.00  -1   1  -3   0   2  -1
Omg+_2255+    2255.00   1  -1   3   0   2  -1
Omg+_2280+    2280.00   1  -1   3   0   4  -1
Omg-_2280+    2280.00  -1   1  -3   0   4  -1
Omg+_2401+    2401.00   1  -1   3   0   6  -1
Omg-_2401+    2401.00  -1   1  -3   0   6  -1
Omg+_2345+    2345.00   1  -1   3   0   6  -1
Omg-_2345+    2345.00  -1   1  -3   0   6  -1
Omg+_2369+    2369.00   1  -1   3   0   8  -1
Omg-_2369+    2369.00  -1   1  -3   0   8  -1
Omg+_2173+    2173.00   1  -1   3   0   4  -1
Omg-_2173+    2173.00  -1   1  -3   0   4  -1
Omg+_2599-    2599.00   1  -1   3   0   8  -1
Omg-_2599-    2599.00  -1   1  -3   0   8  -1
Omg+_2649-    2649.00   1  -1   3   0  10  -1
Omg-_2649-    2649.00  -1   1  -3   0  10  -1
#------------------------------------
#  baryons: I=0, S=0, C=+-1, B'=0
#------------------------------------
Lamc+         2286.46   1   1   0   1   2  -1
Lamc-         2286.46  -1  -1   0  -1   2  -1
Lamc+_2595    2595.40   1   1   0   1   2  -1
Lamc-_2595    2595.40  -1  -1   0  -1   2  -1
Lamc+_2625    2628.10   1   1   0   1   4  -1
Lamc-_2625    2628.10  -1  -1   0  -1   4  -1
Lamc+_2880    2881.53   1   1   0   1   6  -1
Lamc-_2880    2881.53  -1  -1   0  -1   6  -1
Lamc+_2791    2791.00   1   1   0   1   2  -1
Lamc-_2791    2791.00  -1  -1   0  -1   2  -1
Lamc+_2887    2887.00   1   1   0   1   4  -1
Lamc-_2887    2887.00  -1  -1   0  -1   4  -1
Lamc+_3073    3073.00   1   1   0   1   4  -1
Lamc-_3073    3073.00  -1  -1   0  -1   4  -1
Lamc+_3092    3092.00   1   1   0   1   6  -1
Lamc-_3092    3092.00  -1  -1   0  -1   6  -1
Lamc+_3128    3128.00   1   1   0   1   8  -1
Lamc-_3128    3128.00  -1  -1   0  -1   8  -1
Lamc+_2816    2816.00   1   1   0   1   2  -1
Lamc-_2816    2816.00  -1  -1   0  -1   2  -1
Lamc+_2830    2830.00   1   1   0   1   4  -1
Lamc-_2830    2830.00  -1  -1   0  -1   4  -1
Lamc+_2872    2872.00   1   1   0   1   6  -1
Lamc-_2872    2872.00  -1  -1   0  -1   6  -1
##------------------------------------
##  baryons: I=1, S=0, C=+-1, B'=0
##------------------------------------
Sigc++_2455   2454.03   2   1   0   1   2  -1
Sigc--_2455   2454.03  -2  -1   0  -1   2  -1
Sigc+_2455    2452.90   1   1   0   1   2  -1
Sigc-_2455    2452.90  -1  -1   0  -1   2  -1
Sigc0_2455    2453.76   0   1   0   1   2  -1
aSigc0_2455   2453.76   0  -1   0  -1   2  -1
Sigc++_2520   2518.40   2   1   0   1   4  -1
Sigc--_2520   2518.40  -2  -1   0  -1   4  -1
Sigc+_2520    2517.50   1   1   0   1   4  -1
Sigc-_2520    2517.50  -1  -1   0  -1   4  -1
Sigc0_2520    2518.00   0   1   0   1   4  -1
aSigc0_2520   2518.00   0  -1   0  -1   4  -1
Sigc++_2958   2958.00   2   1   0   1   2  -1
Sigc--_2958   2958.00  -2  -1   0  -1   2  -1
Sigc+_2958    2958.00   1   1   0   1   2  -1
Sigc-_2958    2958.00  -1  -1   0  -1   2  -1
Sigc0_2958    2958.00   0   1   0   1   2  -1
aSigc0_2958   2958.00   0  -1   0  -1   2  -1
Sigc++_2995   2995.00   2   1   0   1   4  -1
Sigc--_2995   2995.00  -2  -1   0  -1   4  -1
Sigc+_2995    2995.00   1   1   0   1   4  -1
Sigc-_2995    2995.00  -1  -1   0  -1   4  -1
Sigc0_2995    2995.00   0   1   0   1   4  -1
aSigc0_2995   2995.00   0  -1   0  -1   4  -1
Sigc++_3003   3003.00   2   1   0   1   6  -1
Sigc--_3003   3003.00  -2  -1   0  -1   6  -1
Sigc+_3003    3003.00   1   1   0   1   6  -1
Sigc-_3003    3003.00  -1  -1   0  -1   6  -1
Sigc0_3003    3003.00   0   1   0   1   6  -1
aSigc0_3003   3003.00   0  -1   0  -1   6  -1
Sigc++_3010   3010.00   2   1   0   1   6  -1
Sigc--_3010   3010.00  -2  -1   0  -1   6  -1
Sigc+_3010    3010.00   1   1   0   1   6  -1
Sigc-_3010    3010.00  -1  -1   0  -1   6  -1
Sigc0_3010    3010.00   0   1   0   1   6  -1
aSigc0_3010   3010.00   0  -1   0  -1   6  -1
Sigc++_3015   3015.00   2   1   0   1   8  -1
Sigc--_3015   3015.00  -2  -1   0  -1   8  -1
Sigc+_3015    3015.00   1   1   0   1   8  -1
Sigc-_3015    3015.00  -1  -1   0  -1   8  -1
Sigc0_3015    3015.00   0   1   0   1   8  -1
aSigc0_3015   3015.00   0  -1   0  -1   8  -1
Sigc++_3203   3203.00   2   1   0   1   8  -1
Sigc--_3203   3203.00  -2  -1   0  -1   8  -1
Sigc+_3203    3203.00   1   1   0   1   8  -1
Sigc-_3203    3203.00  -1  -1   0  -1   8  -1
Sigc0_3203    3203.00   0   1   0   1   8  -1
aSigc0_3203   3203.00   0  -1   0  -1   8  -1
Sigc++_2748   2748.00   2   1   0   1   2  -1
Sigc--_2748   2748.00  -2  -1   0  -1   2  -1
Sigc+_2748    2748.00   1   1   0   1   2  -1
Sigc-_2748    2748.00  -1  -1   0  -1   2  -1
Sigc0_2748    2748.00   0   1   0   1   2  -1
aSigc0_2748   2748.00   0  -1   0  -1   2  -1
Sigc++_2768   2768.00   2   1   0   1   2  -1
Sigc--_2768   2768.00  -2  -1   0  -1   2  -1
Sigc+_2768    2768.00   1   1   0   1   2  -1
Sigc-_2768    2768.00  -1  -1   0  -1   2  -1
Sigc0_2768    2768.00   0   1   0   1   2  -1
aSigc0_2768   2768.00   0  -1   0  -1   2  -1
Sigc++_2763   2763.00   2   1   0   1   4  -1
Sigc--_2763   2763.00  -2  -1   0  -1   4  -1
Sigc+_2763    2763.00   1   1   0   1   4  -1
Sigc-_2763    2763.00  -1  -1   0  -1   4  -1
Sigc0_2763    2763.00   0   1   0   1   4  -1
aSigc0_2763   2763.00   0  -1   0  -1   4  -1
Sigc++_2776   2776.00   2   1   0   1   4  -1
Sigc--_2776   2776.00  -2  -1   0  -1   4  -1
Sigc+_2776    2776.00   1   1   0   1   4  -1
Sigc-_2776    2776.00  -1  -1   0  -1   4  -1
Sigc0_2776    2776.00   0   1   0   1   4  -1
aSigc0_2776   2776.00   0  -1   0  -1   4  -1
Sigc++_2790   2790.00   2   1   0   1   6  -1
Sigc--_2790   2790.00  -2  -1   0  -1   6  -1
Sigc+_2790    2790.00   1   1   0   1   6  -1
Sigc-_2790    2790.00  -1  -1   0  -1   6  -1
Sigc0_2790    2790.00   0   1   0   1   6  -1
aSigc0_2790   2790.00   0  -1   0  -1   6  -1
##---------------------------------------
##  baryons: I=1/2, S=-+1, C=+-1, B'=0
##---------------------------------------
Xic+          2467.80   1   1  -1   1   2  -1
Xic-          2467.80  -1  -1   1  -1   2  -1
Xic0          2470.88   0   1  -1   1   2  -1
aXic0         2470.88   0  -1   1  -1   2  -1
Xi'c+         2575.60   1   1  -1   1   2  -1
Xi'c-         2575.60  -1  -1   1  -1   2  -1
Xi'c0         2577.90   0   1  -1   1   2  -1
aXi'c0        2577.90   0  -1   1  -1   2  -1
Xic+_2645     2645.90   1   1  -1   1   4  -1
Xic-_2645     2645.90  -1  -1   1  -1   4  -1
Xic0_2645     2645.90   0   1  -1   1   4  -1
aXic0_2645    2645.90   0  -1   1  -1   4  -1
Xic+_2790     2789.10   1   1  -1   1   2  -1
Xic-_2790     2789.10  -1  -1   1  -1   2  -1
Xic0_2790     2791.10   0   1  -1   1   2  -1
aXic0_2790    2791.10   0  -1   1  -1   2  -1
Xic+_2815     2816.60   1   1  -1   1   4  -1
Xic-_2815     2816.60  -1  -1   1  -1   4  -1
Xic0_2815     2819.60   0   1  -1   1   4  -1
aXic0_2815    2819.60   0  -1   1  -1   4  -1
Xic+_3012     3012.00   1   1  -1   1   4  -1
Xic-_3012     3012.00  -1  -1   1  -1   4  -1
Xic0_3012     3012.00   0   1  -1   1   4  -1
aXic0_3012    3012.00   0  -1   1  -1   4  -1
Xic+_3004     3004.00   1   1  -1   1   6  -1
Xic-_3004     3004.00  -1  -1   1  -1   6  -1
Xic0_3004     3004.00   0   1  -1   1   6  -1
aXic0_3004    3004.00   0  -1   1  -1   6  -1
Xic+_3080     3080.00   1   1  -1   1   6  -1
Xic-_3080     3080.00  -1  -1   1  -1   6  -1
Xic0_3080     3080.00   0   1  -1   1   6  -1
aXic0_3080    3080.00   0  -1   1  -1   6  -1
Xic+_3094     3094.00   1   1  -1   1   8  -1
Xic-_3094     3094.00  -1  -1   1  -1   8  -1
Xic0_3094     3094.00   0   1  -1   1   8  -1
aXic0_3094    3094.00   0  -1   1  -1   8  -1
Xic+_3215     3215.00   1   1  -1   1   8  -1
Xic-_3215     3215.00  -1  -1   1  -1   8  -1
Xic0_3215     3215.00   0   1  -1   1   8  -1
aXic0_3215    3215.00   0  -1   1  -1   8  -1
Xic+_2855     2855.00   1   1  -1   1   2  -1
Xic-_2855     2855.00  -1  -1   1  -1   2  -1
Xic0_2855     2855.00   0   1  -1   1   2  -1
aXic0_2855    2855.00   0  -1   1  -1   2  -1
Xic+_2866     2866.00   1   1  -1   1   4  -1
Xic-_2866     2866.00  -1  -1   1  -1   4  -1
Xic0_2866     2866.00   0   1  -1   1   4  -1
aXic0_2866    2866.00   0  -1   1  -1   4  -1
Xic+_2895     2895.00   1   1  -1   1   6  -1
Xic-_2895     2895.00  -1  -1   1  -1   6  -1
Xic0_2895     2895.00   0   1  -1   1   6  -1
aXic0_2895    2895.00   0  -1   1  -1   6  -1
Xic+_2989     2989.00   1   1  -1   1   6  -1
Xic-_2989     2989.00  -1  -1   1  -1   6  -1
Xic0_2989     2989.00   0   1  -1   1   6  -1
aXic0_2989    2989.00   0  -1   1  -1   6  -1
##-------------------------------------
##  baryons: I=0, S=-+2, C=+-1, B'=0
##-------------------------------------
Omgc0         2695.20   0   1  -2   1   2  -1
aOmgc0        2695.20   0  -1   2  -1   2  -1
Omgc0_2770    2765.90   0   1  -2   1   4  -1
aOmgc0_2770   2765.90   0  -1   2  -1   4  -1
Omgc0_3152    3152.00   0   1  -2   1   2  -1
aOmgc0_3152   3152.00   0  -1   2  -1   2  -1
Omgc0_3190    3190.00   0   1  -2   1   4  -1
aOmgc0_3190   3190.00   0  -1   2  -1   4  -1
Omgc0_3196    3196.00   0   1  -2   1   6  -1
aOmgc0_3196   3196.00   0  -1   2  -1   6  -1
Omgc0_3203    3203.00   0   1  -2   1   6  -1
aOmgc0_3203   3203.00   0  -1   2  -1   6  -1
Omgc0_3206    3206.00   0   1  -2   1   8  -1
aOmgc0_3206   3206.00   0  -1   2  -1   8  -1
Omgc0_3327    3327.00   0   1  -2   1   8  -1
aOmgc0_3327   3327.00   0  -1   2  -1   8  -1
Omgc0_2977    2977.00   0   1  -2   1   2  -1
aOmgc0_2977   2977.00   0  -1   2  -1   2  -1
Omgc0_2990    2990.00   0   1  -2   1   2  -1
aOmgc0_2990   2990.00   0  -1   2  -1   2  -1
Omgc0_2986    2986.00   0   1  -2   1   4  -1
aOmgc0_2986   2986.00   0  -1   2  -1   4  -1
Omgc0_2994    2994.00   0   1  -2   1   4  -1
aOmgc0_2994   2994.00   0  -1   2  -1   4  -1
Omgc0_3014    3014.00   0   1  -2   1   6  -1
aOmgc0_3014   3014.00   0  -1   2  -1   6  -1
##------------------------------------
##  baryons: I=0, S=0, C=0, B'=-+1
##------------------------------------
#Lamb0         5620.20   0   1   0   0   2  -1
#aLamb0        5620.20   0  -1   0   0   2  -1
##------------------------------------
##  baryons: I=1, S=0, C=0, B'=-+1
##------------------------------------
#Sigb+         5807.80   1   1   0   0   2  -1
#aSigb+        5807.80  -1  -1   0   0   2  -1
#Sigb-         5815.20  -1   1   0   0   2  -1
#aSigb-        5815.20   1  -1   0   0   2  -1
#Sig*b+        5829.00   1   1   0   0   4  -1
#aSig*b+       5829.00  -1  -1   0   0   4  -1
#Sig*b-        5836.40  -1   1   0   0   4  -1
#aSig*b-       5836.40   1  -1   0   0   4  -1
##--------------------------------------
##  baryons: I=1/2, S=-+1, C=0, B'=-+1
##--------------------------------------
#Xib-          5790.50  -1   1  -1   0   2  -1
#Xib+          5790.50   1  -1   1   0   2  -1
#Xib0          5790.50   0   1  -1   0   2  -1
#aXib0         5790.50   0  -1   1   0   2  -1
##---------------------------------------
##  baryons: I=1/2, S=-+0, C=+-2, B'=0
##---------------------------------------
Xicc++_3676   3676.00   2   1   0   2   2  -1
Xicc+_3676    3676.00   1   1   0   2   2  -1
Xicc--_3676   3676.00  -2  -1   0  -2   2  -1
Xicc-_3676    3676.00  -1  -1   0  -2   2  -1
Xicc++_4029   4029.00   2   1   0   2   2  -1
Xicc+_4029    4029.00   1   1   0   2   2  -1
Xicc--_4029   4029.00  -2  -1   0  -2   2  -1
Xicc-_4029    4029.00  -1  -1   0  -2   2  -1
Xicc++_3753   3753.00   2   1   0   2   4  -1
Xicc+_3753    3753.00   1   1   0   2   4  -1
Xicc--_3753   3753.00  -2  -1   0  -2   4  -1
Xicc-_3753    3753.00  -1  -1   0  -2   4  -1
Xicc++_4042   4042.00   2   1   0   2   4  -1
Xicc+_4042    4042.00   1   1   0   2   4  -1
Xicc--_4042   4042.00  -2  -1   0  -2   4  -1
Xicc-_4042    4042.00  -1  -1   0  -2   4  -1
Xicc++_4047   4047.00   2   1   0   2   6  -1
Xicc+_4047    4047.00   1   1   0   2   6  -1
Xicc--_4047   4047.00  -2  -1   0  -2   6  -1
Xicc-_4047    4047.00  -1  -1   0  -2   6  -1
Xicc++_4091   4091.00   2   1   0   2   6  -1
Xicc+_4091    4091.00   1   1   0   2   6  -1
Xicc--_4091   4091.00  -2  -1   0  -2   6  -1
Xicc-_4091    4091.00  -1  -1   0  -2   6  -1
Xicc++_4097   4097.00   2   1   0   2   8  -1
Xicc+_4097    4097.00   1   1   0   2   8  -1
Xicc--_4097   4097.00  -2  -1   0  -2   8  -1
Xicc-_4097    4097.00  -1  -1   0  -2   8  -1
Xicc++_4394   4394.00   2   1   0   2   8  -1
Xicc+_4394    4394.00   1   1   0   2   8  -1
Xicc--_4394   4394.00  -2  -1   0  -2   8  -1
Xicc-_4394    4394.00  -1  -1   0  -2   8  -1
Xicc++_3910   3910.00   2   1   0   2   2  -1
Xicc+_3910    3910.00   1   1   0   2   2  -1
Xicc--_3910   3910.00  -2  -1   0  -2   2  -1
Xicc-_3910    3910.00  -1  -1   0  -2   2  -1
Xicc++_4074   4074.00   2   1   0   2   2  -1
Xicc+_4074    4074.00   1   1   0   2   2  -1
Xicc--_4074   4074.00  -2  -1   0  -2   2  -1
Xicc-_4074    4074.00  -1  -1   0  -2   2  -1
Xicc++_3921   3921.00   2   1   0   2   4  -1
Xicc+_3921    3921.00   1   1   0   2   4  -1
Xicc--_3921   3921.00  -2  -1   0  -2   4  -1
Xicc-_3921    3921.00  -1  -1   0  -2   4  -1
Xicc++_4078   4078.00   2   1   0   2   4  -1
Xicc+_4078    4078.00   1   1   0   2   4  -1
Xicc--_4078   4078.00  -2  -1   0  -2   4  -1
Xicc-_4078    4078.00  -1  -1   0  -2   4  -1
Xicc++_4092   4092.00   2   1   0   2   6  -1
Xicc+_4092    4092.00   1   1   0   2   6  -1
Xicc--_4092   4092.00  -2  -1   0  -2   6  -1
Xicc-_4092    4092.00  -1  -1   0  -2   6  -1
##---------------------------------------
##  baryons: I=0  , S=-+1, C=+-2, B'=0
##---------------------------------------
Omcc+_3815    3815.00   1   1  -1   2   2  -1
Omcc-_3815    3815.00  -1  -1   1  -2   2  -1
Omcc+_4180    4180.00   1   1  -1   2   2  -1
Omcc-_4180    4180.00  -1  -1   1  -2   2  -1
Omcc+_3876    3876.00   1   1  -1   2   4  -1
Omcc-_3876    3876.00  -1  -1   1  -2   4  -1
Omcc+_4188    4188.00   1   1  -1   2   4  -1
Omcc-_4188    4188.00  -1  -1   1  -2   4  -1
Omcc+_4202    4202.00   1   1  -1   2   6  -1
Omcc-_4202    4202.00  -1  -1   1  -2   6  -1
Omcc+_4232    4232.00   1   1  -1   2   6  -1
Omcc-_4232    4232.00  -1  -1   1  -2   6  -1
Omcc+_4230    4230.00   1   1  -1   2   8  -1
Omcc-_4230    4230.00  -1  -1   1  -2   8  -1
Omcc+_4395    4395.00   1   1  -1   2   8  -1
Omcc-_4395    4395.00  -1  -1   1  -2   8  -1
Omcc+_4046    4046.00   1   1  -1   2   2  -1
Omcc-_4046    4046.00  -1  -1   1  -2   2  -1
Omcc+_4135    4135.00   1   1  -1   2   2  -1
Omcc-_4135    4135.00  -1  -1   1  -2   2  -1
Omcc+_4052    4052.00   1   1  -1   2   4  -1
Omcc-_4052    4052.00  -1  -1   1  -2   4  -1
Omcc+_4140    4140.00   1   1  -1   2   4  -1
Omcc-_4140    4140.00  -1  -1   1  -2   4  -1
Omcc+_4152    4152.00   1   1  -1   2   6  -1
Omcc-_4152    4152.00  -1  -1   1  -2   6  -1
