# beta a_r1
5.900 1.265000e+00 7.000000e-03
6.000 1.387000e+00 1.400000e-02
6.050 1.454000e+00 1.500000e-02
6.100 1.517000e+00 1.400000e-02
6.195 1.677000e+00 1.600000e-02
6.285 1.822000e+00 2.000000e-02
6.341 1.947000e+00 7.000000e-03
6.354 1.979000e+00 2.700000e-02
6.423 2.096000e+00 2.100000e-02
6.460 2.165000e+00 2.000000e-02
6.488 2.235000e+00 2.100000e-02
6.550 2.369000e+00 2.100000e-02
6.608 2.518000e+00 2.100000e-02
6.664 2.644000e+00 2.300000e-02
6.740 2.856000e+00 1.100000e-02
6.800 3.025000e+00 2.200000e-02
6.880 3.265000e+00 2.300000e-02
6.950 3.485000e+00 2.200000e-02
7.030 3.763000e+00 1.300000e-02
7.150 4.212000e+00 4.200000e-02
7.280 4.720000e+00 3.300000e-02
7.373 5.172000e+00 3.400000e-02
7.596 6.336000e+00 5.600000e-02
7.825 7.690000e+00 5.800000e-02
