# beta afK
6.000 0.13179453 0.000753970
6.195 0.10791188 0.000566358
6.285 0.09786414 0.000524272
6.354 0.09109607 0.000552486
6.423 0.08485132 0.000407633
6.460 0.08157387 0.000365199
6.515 0.07680655 0.000412549
6.575 0.07240888 0.000430324
6.740 0.06149578 0.000275328
6.800 0.05772038 0.000199618
6.880 0.05352500 0.000265072
7.030 0.04632811 0.000304686
7.150 0.04135006 0.000351985
7.280 0.03658504 0.000370395
7.373 0.03363580 0.000270149
7.596 0.02721406 0.000404550
7.825 0.02232087 0.000288278
